// MilkShape 3D ASCII

Frames: 45
Frame: 5

Meshes: 2
"Mesh" 0 0
279
0 -0.8153661489486694 16.87553215026855 0.06914021074771881 0.216217964887619 0.3518354892730713 8
0 0.8235929608345032 16.87553215026855 0.06914021074771881 0.2541677951812744 0.3536760807037354 8
0 -0.6154932379722595 17.33477973937988 -0.006455250550061464 0.2146853655576706 0.3234931826591492 8
0 -1.144686937332153 15.53571319580078 1.582242846488953 0.2070140242576599 0.4157073497772217 8
0 -1.088526010513306 16.9102954864502 -0.6182928085327148 0.2002373188734055 0.3410294055938721 8
0 0.8302555680274963 17.33477973937988 -0.6260618567466736 0.2705937027931213 0.3242189288139343 8
0 0.6237199902534485 17.33477973937988 -0.006455250550061464 0.2526272833347321 0.3236669301986694 8
0 3.039697647094727 16.11730194091797 -0.5198883414268494 0.3118332326412201 0.3538090586662292 8
0 1.096752762794495 16.9102954864502 -0.6182928085327148 0.2684010565280914 0.3414177298545837 8
0 0.8235929608345032 16.92819976806641 -1.307869791984558 0.7052408456802368 0.3521305918693542 8
0 0.8302555680274963 17.33477973937988 -0.6260618567466736 0.6857873201370239 0.3214167356491089 8
0 1.096752762794495 16.9102954864502 -0.6182928085327148 0.6850878596305847 0.3483479022979736 8
0 0.00411340082064271 16.92819976806641 -1.307869791984558 0.731031596660614 0.3525853753089905 8
0 0.6237199902534485 17.33477973937988 -1.245668530464172 0.7100244760513306 0.314803421497345 8
0 -0.8153661489486694 16.92819976806641 -1.307869791984558 0.7568222880363464 0.3530401587486267 8
0 -1.088526010513306 16.9102954864502 -0.6182928085327148 0.7757117748260498 0.3487212061882019 8
0 -0.6154932379722595 17.33477973937988 -1.245668530464172 0.7513232827186584 0.3160867691040039 8
0 -1.414984941482544 16.57068252563477 -1.494473934173584 0.7628258466720581 0.3914085626602173 8
0 -0.9245798587799072 18.3293342590332 0.4901559352874756 0.6479650735855103 0.2513540983200073 15
0 -1.183048844337463 19.3415355682373 0.2740235924720764 0.6385501623153687 0.2104672193527222 15
0 -1.305582165718079 18.3293342590332 -0.6260618567466736 0.5884846448898315 0.2448461055755615 15
0 0.00411340082064271 17.90151596069336 0.5784507393836975 0.7057695388793945 0.2779663801193237 15
0 0.00411340082064271 18.3293342590332 0.8622285723686218 0.7055181860923767 0.2494279742240906 15
0 0.00411340082064271 19.3415355682373 0.9568211436271667 0.7054411172866821 0.2149245142936707 15
0 0.9328066110610962 18.3293342590332 0.4901559352874756 0.7606757283210754 0.2522040605545044 15
0 1.313809037208557 18.3293342590332 -0.6260618567466736 0.837252140045166 0.246479332447052 15
0 1.191275715827942 19.3415355682373 0.2740235924720764 0.7750041484832764 0.2149387001991272 15
0 1.064084529876709 17.90151596069336 -0.6260618567466736 0.8240257501602173 0.2796784043312073 15
0 1.321688532829285 18.24350166320801 -1.943637013435364 0.9102431535720825 0.2291324138641357 15
0 0.4696932137012482 19.38907051086426 -2.334691762924194 0.9440894722938538 0.161219596862793 15
0 1.400852918624878 19.37297821044922 -2.022801399230957 0.8897573947906494 0.1752496361732483 15
0 0.00411340082064271 19.38907051086426 -2.334691762924194 0.9814691543579102 0.1700500249862671 15
0 0.00411340082064271 17.90151596069336 -1.529446363449097 0.9695562124252319 0.2661856412887573 15
0 0.00411340082064271 18.24350166320801 -1.943637013435364 0.9729169607162476 0.2411625981330872 15
0 -1.313461780548096 18.24350166320801 -1.943637013435364 0.5303970575332642 0.2206852436065674 15
0 -1.564170837402344 19.35852813720703 -0.5945858955383301 0.5962740182876587 0.1880384087562561 15
0 -1.392626047134399 19.37297821044922 -2.022801399230957 0.5418987274169922 0.1667028665542603 15
0 0.00411340082064271 19.38907051086426 -2.334691762924194 0.4602711796760559 0.1727127432823181 15
0 0.00411340082064271 18.24350166320801 -1.943637013435364 0.4760019183158875 0.2470841407775879 15
0 0.00411340082064271 17.90151596069336 -1.529446363449097 0.473493903875351 0.2657580375671387 15
0 -0.8992710709571838 17.90151596069336 -1.529446363449097 0.5356990098953247 0.2663273215293884 15
0 -1.054148435592651 20.27260208129883 0.322816789150238 0.6445448994636536 0.1502130627632141 15
0 -1.029157519340515 19.70386695861816 0.5706281065940857 0.6507081389427185 0.1840347051620483 15
0 0.00411340082064271 20.55184364318848 0.7317888140678406 0.7049920558929443 0.1347591876983643 15
0 -0.4577183127403259 20.80413436889648 -0.6273359060287476 0.6373058557510376 0.09058815240859985 15
0 -1.381381750106812 20.54399108886719 -0.6298839449882507 0.6058717370033264 0.1316662430763245 15
0 1.06237530708313 20.27260208129883 0.322816789150238 0.7602033019065857 0.1502830386161804 15
0 1.572397589683533 19.35852813720703 -0.5945858955383301 0.8296425342559814 0.191423237323761 15
0 1.389608502388 20.54399108886719 -0.6298839449882507 0.8211960196495056 0.1382238864898682 15
0 1.037384271621704 19.70386695861816 0.5706281065940857 0.7597029209136963 0.1912381649017334 15
0 0.4659451246261597 20.80413436889648 -0.6273359060287476 0.7743180990219116 0.08828049898147583 15
0 1.039733529090881 20.25147438049316 -1.66168200969696 0.8631948232650757 0.1321180462837219 15
0 0.3493201434612274 20.4450855255127 -1.896630764007568 0.8837997317314148 0.08557599782943726 15
0 -1.031506776809692 20.25147438049316 -1.66168200969696 0.564271867275238 0.1258336901664734 15
0 -0.3410933315753937 20.4450855255127 -1.896630764007568 0.5542917251586914 0.09663146734237671 15
0 1.726323366165161 0.1675339490175247 -1.512195348739624 0.6482400894165039 0.9302788078784943 6
0 2.121455669403076 0.8324458599090576 -0.5785433053970337 0.636296272277832 0.8915534988045692 6
0 1.953784704208374 0.1675339490175247 -0.5781104564666748 0.6304556131362915 0.9312683865427971 6
0 0.9739184975624084 0.1443599164485931 -1.521677494049072 0.6649194955825806 0.9317781254649162 6
0 1.877803802490234 0.8629911541938782 -1.499669909477234 0.6535736322402954 0.8870379999279976 6
0 -2.808567523956299 16.3765983581543 -0.5163162350654602 0.1585781574249268 0.3555692434310913 12
0 1.012785196304321 12.72465705871582 1.236590027809143 0.2583952248096466 0.5079718232154846 0
0 1.189452886581421 15.53571319580078 1.582242846488953 0.2625389993190765 0.4198122024536133 8
0 -2.896398544311523 14.95412826538086 0.7178564071655273 0.1548426002264023 0.4238321781158447 12
0 -1.004558444023132 12.72465705871582 1.236590027809143 0.2086408734321594 0.5037330687046051 0
0 -1.474946618080139 16.11281394958496 -2.235256433486938 0.7618123888969421 0.4152947068214417 8
0 1.483173370361328 16.11281394958496 -2.235256433486938 0.7007600069046021 0.4139350652694702 8
0 0.00411340082064271 12.977463722229 -2.703876972198486 0.729792594909668 0.5010189712047577 12
0 -1.967966556549072 15.22399711608887 -2.589259147644043 0.772118091583252 0.4404506087303162 12
0 -2.728498935699463 15.40664958953857 -2.17006516456604 0.8002213835716248 0.4308875203132629 12
0 1.423211693763733 16.57068252563477 -1.494473934173584 0.7000012397766113 0.3906388282775879 8
0 3.039697647094727 16.11730194091797 -0.5198883414268494 0.6470390558242798 0.3850548267364502 8
0 -2.808567523956299 16.3765983581543 -0.5163162350654602 0.8055771589279175 0.3756531476974487 12
0 -0.6154932379722595 17.33477973937988 -0.006455250550061464 0.6591764092445374 0.3080125451087952 8
0 -1.05585765838623 17.90151596069336 -0.6260618567466736 0.6032750606536865 0.2799343466758728 15
0 -0.8220287561416626 17.33477973937988 -0.6260618567466736 0.5791278481483459 0.3074479699134827 8
0 0.6237199902534485 17.33477973937988 -0.006455250550061464 0.751081109046936 0.3084334135055542 8
0 0.00411340082064271 17.33477973937988 -1.245668530464172 0.7306738495826721 0.3154451251029968 8
0 0.6237199902534485 17.33477973937988 -1.245668530464172 0.911263644695282 0.3055346608161926 8
0 0.9074978232383728 17.90151596069336 -1.529446363449097 0.9025557041168213 0.2646070122718811 15
0 -0.8220287561416626 17.33477973937988 -0.6260618567466736 0.7727360129356384 0.3229319453239441 8
0 -0.6154932379722595 17.33477973937988 -1.245668530464172 0.5216764807701111 0.2986363172531128 8
0 0.00411340082064271 17.33477973937988 -1.245668530464172 0.4994185566902161 0.2979446649551392 8
0 0.8302555680274963 17.33477973937988 -0.6260618567466736 0.8354280591011047 0.3124286532402039 8
0 -0.4614664316177368 19.38907051086426 -2.334691762924194 0.50361168384552 0.1569861769676208 15
0 -2.773144721984863 13.37224578857422 -1.697615385055542 0.8157709836959839 0.4742725491523743 12
0 -1.967966556549072 12.977463722229 -2.306442975997925 0.7730390429496765 0.5025916993618011 0
0 -2.140928745269775 10.94419574737549 -0.7483975887298584 0.7990382313728333 0.5690094232559204 0
0 -2.874726057052612 13.19280052185059 -0.1564433872699738 0.8320256471633911 0.5106814801692963 12
0 -1.365912318229675 10.94873237609863 -2.133296251296997 0.7607303857803345 0.5626777112483978 0
0 -1.946331739425659 10.94680023193359 -1.674741625785828 0.7781397104263306 0.5644164383411407 0
0 -4.535143375396729 15.09451007843018 -1.293495893478394 0.8514926433563232 0.4098636507987976 12
0 2.967629671096802 13.93509387969971 -1.79640793800354 0.6429729461669922 0.4684198498725891 9
0 3.111163377761841 11.99821281433105 -0.3821827173233032 0.5919562578201294 0.5228775441646576 9
0 2.911369800567627 12.88255500793457 -0.7174117565155029 0.6264241933822632 0.5069707632064819 9
0 2.148163318634033 10.94416522979736 -0.7484003901481628 0.6585953235626221 0.565391480922699 0
0 1.953490138053894 10.94680023193359 -1.674741625785828 0.6795153021812439 0.561051070690155 0
0 1.3730708360672 10.94873237609863 -2.133296251296997 0.6968642473220825 0.5605412721633911 0
0 1.976193428039551 12.977463722229 -2.306442975997925 0.6863170266151428 0.4991961121559143 0
0 -2.909368753433228 11.66571521759033 0.8319636583328247 0.1156199276447296 0.4763683676719666 12
0 -2.874726057052612 13.19280052185059 -0.1564433872699738 0.1379034668207169 0.4775933027267456 12
0 -3.698344230651855 13.69527053833008 0.6878886222839355 0.09571632742881775 0.4451020956039429 12
0 -4.588477611541748 11.83881855010986 0.6205620169639587 0.07362282276153564 0.4258894920349121 12
0 -4.530816078186035 13.42968845367432 1.413467049598694 0.0846695750951767 0.4354957938194275 12
0 -3.472766876220703 15.33648109436035 0.4734298586845398 0.1420224159955978 0.4057051539421082 12
0 -4.80559253692627 14.16275978088379 -0.4697450995445251 0.09343551099300385 0.3910344839096069 12
0 -2.550566434860229 15.48205471038818 1.491421341896057 0.04763616621494293 0.529103696346283 12
0 -3.941663980484009 10.78888988494873 0.5414431095123291 0.8814668655395508 0.4835134148597717 12
0 -2.909368753433228 11.66571521759033 0.8319636583328247 0.8651294708251953 0.5177894234657288 12
0 -2.553060293197632 14.35814571380615 2.727159976959229 0.9351385831832886 0.5522935390472412 12
0 -4.588477611541748 11.83881855010986 0.6205620169639587 0.9016550183296204 0.458956241607666 12
0 -4.118809700012207 13.21174240112305 -1.531142115592957 0.8615912795066833 0.4499199986457825 12
0 3.918787240982056 12.0663537979126 -1.258313417434692 0.5774387121200562 0.491849958896637 9
0 3.111163377761841 11.99821281433105 -0.3821827173233032 0.3654786944389343 0.4838842749595642 9
0 3.858763456344604 9.028326988220215 0.6401434540748596 0.4292258024215698 0.5187370181083679 10
0 3.956348657608032 12.1383695602417 0.5494682788848877 0.3787801563739777 0.4524676203727722 9
0 4.223911762237549 13.64990425109863 -1.624131083488464 0.599396288394928 0.4514837861061096 9
0 3.858763456344604 9.028326988220215 -1.012187004089355 0.5278936624526978 0.5546049475669861 10
0 4.561278820037842 12.20436668395996 -0.228677049279213 0.5569229125976562 0.4657989144325256 9
0 4.87279224395752 13.97476482391357 -0.2679111063480377 0.5782053470611572 0.418773889541626 9
0 4.561278820037842 12.20436668395996 -0.228677049279213 0.3963787853717804 0.4333442449569702 9
0 3.508437156677246 14.62068939208984 0.9520036578178406 0.3307295143604279 0.419218897819519 9
0 2.911369800567627 12.88255500793457 -0.7174117565155029 0.3385134041309357 0.4936904311180115 9
0 3.030238151550293 14.52751922607422 0.8922651410102844 0.3179804384708405 0.4315872192382812 9
0 2.743442296981812 15.4183235168457 -2.169782876968384 0.6736898422241211 0.4298316240310669 8
0 1.976193428039551 15.22399711608887 -2.589259147644043 0.69016033411026 0.4382297396659851 8
0 2.248846054077148 5.093136787414551 -0.3827615082263947 0.3252596259117126 0.7784205079078674 5
0 1.348540425300598 3.219675064086914 0.6039665937423706 0.2897434532642365 0.8325263112783432 6
0 2.083406686782837 3.58257532119751 -0.4517125189304352 0.3197712004184723 0.8278861045837402 6
0 2.248846054077148 5.093136787414551 -0.3827615082263947 0.6310282945632935 0.7717705965042114 5
0 1.949841976165771 6.748325824737549 -1.863965630531311 0.6743854284286499 0.6987913846969604 5
0 2.303992509841919 6.763143062591553 -0.435629665851593 0.6427777409553528 0.7009420692920685 5
0 1.350442051887512 5.002411842346191 0.8031288385391235 0.289322167634964 0.7766548842191696 5
0 1.351076006889343 6.763143062591553 0.8695162534713745 0.2734035551548004 0.6918905675411224 5
0 0.3490132987499237 5.093136787414551 -0.3827615082263947 0.2504952251911163 0.7748895138502121 5
0 0.3041586875915527 6.763143062591553 -0.435629665851593 0.2450145483016968 0.7159361839294434 5
0 0.3490132987499237 5.093136787414551 -0.3827615082263947 0.7184783816337585 0.7800530642271042 5
0 0.8299909830093384 6.739968776702881 -1.802572250366211 0.6991462111473083 0.7021697163581848 5
0 0.8524896502494812 5.115325450897217 -1.690076351165771 0.6857556700706482 0.7720853239297867 5
0 0.9125252962112427 3.848756074905396 -1.558372259140015 0.6804209351539612 0.8107756674289703 6
0 0.5945860147476196 3.58257532119751 -0.4517125189304352 0.7045500874519348 0.8265120983123779 6
0 -2.24061918258667 5.093136787414551 -0.3827615082263947 0.1393424421548843 0.7778980135917664 2
0 -1.342849135398865 6.763143062591553 0.8695162534713745 0.1972834318876266 0.6958082616329193 2
0 -2.29576563835144 6.763143062591553 -0.435629665851593 0.1569985151290894 0.7038109004497528 2
0 -2.24061918258667 5.093136787414551 -0.3827615082263947 0.8249090313911438 0.7815248370170593 2
0 -1.899051547050476 6.766870975494385 -1.811097145080566 0.7811327576637268 0.7039758563041687 2
0 -1.871841788291931 5.142227649688721 -1.698601245880127 0.7950918078422546 0.7769307047128677 2
0 -1.799361228942871 3.857017040252686 -1.555683135986328 0.7948057055473328 0.8144714534282684 3
0 -2.075180053710938 3.58257532119751 -0.4517125189304352 0.8188579082489014 0.8241134136915207 3
0 -0.3407865166664124 5.093136787414551 -0.3827615082263947 0.2159286439418793 0.7843597382307053 2
0 -1.340313673019409 3.219675064086914 0.6039665937423706 0.1718301177024841 0.8398410528898239 3
0 -0.5863592028617859 3.58257532119751 -0.4517125189304352 0.2037089467048645 0.8381914645433426 3
0 -0.3407865166664124 5.093136787414551 -0.3827615082263947 0.7442991137504578 0.7856140732765198 2
0 -0.8698421716690063 5.142227649688721 -1.590871214866638 0.773146390914917 0.7782288044691086 2
0 -0.2959319055080414 6.763143062591553 -0.435629665851593 0.7359194755554199 0.7270767092704773 2
0 -1.342215299606323 5.002411842346191 0.8031288385391235 0.1761070042848587 0.7807352244853973 2
0 -0.2959319055080414 6.763143062591553 -0.435629665851593 0.2256111353635788 0.7202424108982086 2
0 2.121455669403076 0.8324458599090576 -0.5785433053970337 0.3146167099475861 0.9078869596123695 6
0 1.956385135650635 0.1675339490175247 1.810818910598755 0.3136368095874786 0.9874076098203659 6
0 1.953784704208374 0.1675339490175247 -0.5781104564666748 0.3344057500362396 0.9216481819748878 6
0 1.348167538642883 1.083796262741089 0.3384168744087219 0.2920807003974915 0.9137268364429474 6
0 0.5582150816917419 0.8324458599090576 -0.5785433053970337 0.6848486661911011 0.8994913101196289 6
0 0.7260724306106567 0.1675339490175247 -0.5781104564666748 0.6801554560661316 0.9355048686265945 6
0 0.9055368900299072 0.8546343445777893 -1.438276529312134 0.6694608330726624 0.88980533182621 6
0 -2.113228797912598 0.8324458599090576 -0.5785433053970337 0.8127328157424927 0.897851251065731 3
0 -1.726739287376404 0.1319650560617447 -1.507774591445923 0.7963147759437561 0.936440609395504 3
0 -1.945557951927185 0.1655194908380508 -0.5781104564666748 0.8134124279022217 0.937771450728178 3
0 -1.809451699256897 0.8442539572715759 -1.424373626708984 0.7963546514511108 0.8936906084418297 3
0 -0.549988329410553 0.8324458599090576 -0.5785433053970337 0.1941313743591309 0.9156335294246674 3
0 -1.339940786361694 1.083796262741089 0.3384168744087219 0.1684543639421463 0.9141815379261971 3
0 0.7442752122879028 0.1675339490175247 1.810818910598755 0.6719738841056824 0.9755400251597166 6
0 0.7260724306106567 0.1675339490175247 -0.5781104564666748 0.2483958750963211 0.9170675203204155 6
0 0.7442752122879028 0.656186044216156 1.810818910598755 0.2768758535385132 0.9740131441503763 6
0 0.5582150816917419 0.8324458599090576 -0.5785433053970337 0.2691132128238678 0.9046437442302704 6
0 -0.7178456783294678 0.1655194908380508 -0.5781104564666748 0.2182068228721619 0.9225540459156036 3
0 -0.7360484004020691 0.1655194908380508 1.810818910598755 0.198202446103096 0.9923009159974754 3
0 -0.7178456783294678 0.1655194908380508 -0.5781104564666748 0.7701610326766968 0.9420464113354683 3
0 -1.020873069763184 0.1319650560617447 -1.400044560432434 0.7885624170303345 0.9383678995072842 3
0 -0.9358213543891907 0.8442539572715759 -1.316643595695496 0.7809759974479675 0.8952995389699936 3
0 -0.549988329410553 0.8324458599090576 -0.5785433053970337 0.7677229046821594 0.9038631543517113 3
0 -0.7360484004020691 0.1655194908380508 1.810818910598755 0.7808915376663208 0.9903276097029448 3
0 -1.948158264160156 0.1655194908380508 1.810818910598755 0.8089089393615723 0.9884828226640821 3
0 0.7442752122879028 0.1675339490175247 1.810818910598755 0.2658562362194061 0.9851854918524623 6
0 1.889292597770691 0.656186044216156 1.555956721305847 0.3033304512500763 0.9694789387285709 6
0 1.956385135650635 0.1675339490175247 1.810818910598755 0.6229056715965271 0.9713573828339577 6
0 -1.948158264160156 0.1655194908380508 1.810818910598755 0.149211049079895 0.990825149230659 3
0 -2.113228797912598 0.8324458599090576 -0.5785433053970337 0.1425675451755524 0.910259060561657 3
0 -1.945557951927185 0.1655194908380508 -0.5781104564666748 0.1219959780573845 0.9204387590289116 3
0 -1.948158264160156 0.656186044216156 1.810818910598755 0.1601875275373459 0.9759321287274361 3
0 -0.7360484004020691 0.656186044216156 1.810818910598755 0.1854126155376434 0.9757904447615147 3
0 -4.664469718933105 15.58492946624756 -0.3223071098327637 0.8569605350494385 0.3808043599128723 12
0 -4.80559253692627 14.16275978088379 -0.4697450995445251 0.8804686665534973 0.4124524593353271 12
0 3.960407733917236 14.74030208587646 -1.719090461730957 0.6163715720176697 0.4331058263778687 9
0 2.964152336120605 15.19673824310303 -1.955543756484985 0.6526532769203186 0.4332085847854614 9
0 4.570796966552734 15.30898952484131 -1.010031700134277 0.6078625321388245 0.4097296595573425 9
0 4.361057758331299 15.27283573150635 0.1061594933271408 0.3501689732074738 0.354104220867157 9
0 4.87279224395752 13.97476482391357 -0.2679111063480377 0.3781003654003143 0.3906375169754028 9
0 4.361057758331299 15.27283573150635 0.1061594933271408 0.6000053286552429 0.3832986950874329 9
0 -2.359720230102539 12.80892562866211 0.7980424761772156 0.1773448437452316 0.5050718188285828 0
0 -0.7662104964256287 10.95719623565674 1.196491479873657 0.2155202627182007 0.5558842420578003 0
0 -0.8220287561416626 17.33477973937988 -0.6260618567466736 0.1958276182413101 0.3238518238067627 8
0 0.00411340082064271 19.8306827545166 1.2094566822052 0.7053440809249878 0.1861947774887085 15
0 -2.140928745269775 10.94419574737549 -0.7483975887298584 0.1523455828428268 0.5745502412319183 0
0 -2.161740779876709 10.95147800445557 0.3083869814872742 0.1767156273126602 0.5643759965896606 0
0 2.367947101593018 12.80892562866211 0.7980424761772156 0.2910067737102509 0.50368732213974 0
0 2.036969661712646 10.95166206359863 0.3953807651996613 0.2872646450996399 0.5605548620223999 0
0 2.148163318634033 10.94416522979736 -0.7484003901481628 0.3134212791919708 0.5731487572193146 0
0 0.7734736800193787 10.95718193054199 1.196491122245789 0.2521774470806122 0.5579513311386108 0
0 3.295699596405029 9.060516357421875 -0.2408384382724762 0.4131833016872406 0.53972527384758 10
0 4.376369953155518 8.200991630554199 -0.131205141544342 0.4560889899730682 0.516231507062912 10
0 4.42182731628418 8.996137619018555 -0.131205141544342 0.4440541565418243 0.4998183250427246 10
0 3.295699596405029 9.060516357421875 -0.2408384382724762 0.5385318994522095 0.5757705867290497 10
0 3.250242233276367 8.26537036895752 -0.2408384382724762 0.4250282943248749 0.5564071238040924 10
0 4.42182731628418 8.996137619018555 -0.131205141544342 0.5107423663139343 0.5388048589229584 10
0 3.250242233276367 8.26537036895752 -0.2408384382724762 0.5217573642730713 0.5809729397296906 10
0 4.376369953155518 8.200991630554199 -0.131205141544342 0.5059453845024109 0.5598630905151367 10
0 0.00357923679985106 10.95205116271973 -2.358488321304321 0.7287818193435669 0.5608304142951965 0
0 2.303992509841919 6.763143062591553 -0.435629665851593 0.3121267259120941 0.7037938237190247 5
0 2.757080078125 8.527857780456543 0.784648060798645 0.2848587036132812 0.6328955590724945 1
0 2.518950462341309 7.402786254882812 -0.7975399494171143 0.660243034362793 0.6599525213241577 5
0 0.8592180609703064 7.243551254272461 1.313766598701477 0.2536197006702423 0.672760933637619 5
0 0.3041586875915527 6.763143062591553 -0.435629665851593 0.7217835187911987 0.7236434519290924 5
0 -2.775605201721191 8.527857780456543 0.784648060798645 0.1833937168121338 0.6325663924217224 1
0 -2.5374755859375 7.301509380340576 -0.7975399494171143 0.1646423488855362 0.6758780181407928 2
0 -2.29576563835144 6.763143062591553 -0.435629665851593 0.81162029504776 0.7096061706542969 2
0 -2.5374755859375 7.301509380340576 -0.7975399494171143 0.7930429577827454 0.6685007810592651 2
0 -0.8418588042259216 6.766870975494385 -1.703367233276367 0.7572572231292725 0.7066302299499512 2
0 -0.8777430653572083 7.243551254272461 1.313766598701477 0.2167303264141083 0.6782032549381256 2
0 0.5945860147476196 3.58257532119751 -0.4517125189304352 0.2588436007499695 0.8286946564912796 6
0 -2.075180053710938 3.58257532119751 -0.4517125189304352 0.1413927674293518 0.8291106224060059 3
0 2.083406686782837 3.58257532119751 -0.4517125189304352 0.6358464956283569 0.8150570839643478 6
0 1.927965402603149 5.123682022094727 -1.751469612121582 0.6619572639465332 0.7687033861875534 5
0 1.862335681915283 3.749208211898804 -1.442198634147644 0.6583548188209534 0.8104016482830048 6
0 -0.5863592028617859 3.58257532119751 -0.4517125189304352 0.7542603611946106 0.8278601467609406 3
0 -0.9445134401321411 3.857017040252686 -1.447953224182129 0.7760612368583679 0.8158490359783173 3
0 -4.664469718933105 15.58492946624756 -0.3223071098327637 0.1139270812273026 0.3628156781196594 12
0 -0.7326222062110901 8.527857780456543 1.812839150428772 0.2216664701700211 0.6324962079524994 1
0 -2.194154024124146 10.57563400268555 0.3019711673259735 0.1778824329376221 0.5759881436824799 0
0 -2.88491678237915 8.527857780456543 -0.7599902153015137 0.1565057337284088 0.6421310603618622 1
0 2.518950462341309 7.402786254882812 -0.7975399494171143 0.3052623569965363 0.6706812381744385 5
0 2.567363023757935 8.527857780456543 -2.076366662979126 0.6781644225120544 0.6271329522132874 1
0 2.866391897201538 8.527857780456543 -0.7599902153015137 0.653838038444519 0.6284330189228058 1
0 -2.585888147354126 8.527857780456543 -2.076366662979126 0.7772244811058044 0.6314116716384888 1
0 -2.88491678237915 8.527857780456543 -0.7599902153015137 0.801871120929718 0.6348950862884521 1
0 -1.93563437461853 10.57911777496338 -1.724170446395874 0.7765316367149353 0.5760807991027832 0
0 -1.295920491218567 7.452401638031006 -2.434106588363647 0.7529634237289429 0.6569354236125946 2
0 -1.583962202072144 8.527857780456543 -2.575729131698608 0.7582754492759705 0.6296635270118713 1
0 1.940868377685547 10.57856369018555 -1.724326968193054 0.6810376644134521 0.5726959109306335 0
0 1.277395486831665 7.553678512573242 -2.434106588363647 0.7011141180992126 0.6528482437133789 5
0 1.565437197685242 8.527857780456543 -2.575729131698608 0.6970832943916321 0.6273839175701141 1
0 2.866391897201538 8.527857780456543 -0.7599902153015137 0.3117555975914001 0.6390178203582764 1
0 2.140989065170288 10.57476329803467 -0.7649975419044495 0.6602709293365479 0.5733006596565247 0
0 2.065277338027954 10.57684516906738 0.3896330893039703 0.2858823835849762 0.5710106492042542 0
0 -1.33058750629425 10.58120918273926 -2.186687469482422 0.7586069107055664 0.5739349722862244 0
0 1.335698485374451 10.58100700378418 -2.186776161193848 0.6985668540000916 0.5719233751296997 0
0 -2.135725021362305 10.57544612884521 -0.7649992108345032 0.154265284538269 0.5836010575294495 0
0 0.7140972018241882 8.527857780456543 1.812839150428772 0.2462064623832703 0.6294056177139282 1
0 -0.739170253276825 10.57062721252441 1.245020627975464 0.2169898599386215 0.5666154026985168 0
0 0.7441373467445374 10.57064533233643 1.245015501976013 0.2507080435752869 0.5694760084152222 0
0 2.140989065170288 10.57476329803467 -0.7649975419044495 0.311621218919754 0.5818895101547241 0
0 -2.135725021362305 10.57544612884521 -0.7649992108345032 0.7981371879577637 0.5777553021907806 0
0 -1.854912877082825 14.85519313812256 2.12603235244751 0.06745539605617523 0.5483880043029785 12
0 -1.854912877082825 14.85519313812256 2.12603235244751 0.9230297803878784 0.5731140971183777 12
0 -1.828108072280884 15.44403171539307 2.661638259887695 0.9389222860336304 0.5796371698379517 12
0 -1.828108072280884 15.44403171539307 2.661638259887695 0.05745690688490868 0.5672184526920319 12
0 -3.112216949462891 14.96191692352295 2.071624279022217 0.0306637566536665 0.513156920671463 12
0 -3.112216949462891 14.96191692352295 2.071624279022217 0.9519266486167908 0.5371076762676239 12
0 -3.08541202545166 15.55075550079346 2.607229948043823 0.02058953046798706 0.5319288074970245 12
0 -3.08541202545166 15.55075550079346 2.607229948043823 0.9562308192253113 0.5581261515617371 12
0 0.00411340082064271 20.80413436889648 -0.6273359060287476 0.7096951603889465 0.01300626993179321 15
0 0.00411340082064271 20.4450855255127 -1.896630764007568 0.5329923629760742 0.01033663749694824 15
0 0.00411340082064271 20.4450855255127 -1.896630764007568 0.9050073027610779 0.003995180130004883 15
0 3.813306093215942 8.233180999755859 0.6401434540748596 0.4413866400718689 0.5355704426765442 10
0 3.813306093215942 8.233180999755859 0.6401434540748596 0.5009484887123108 0.5838131308555603 10
0 3.813306093215942 8.233180999755859 -1.012187004089355 0.5206776857376099 0.5637045204639435 10
0 -2.526255369186401 14.94698524475098 3.262765884399414 0.9417670369148254 0.5611903667449951 12
0 -2.523761510848999 16.07089424133301 2.027027130126953 0.03732310980558395 0.5485132336616516 12
0 -2.523761510848999 16.07089424133301 2.027027130126953 0.9603373408317566 0.5811890065670013 12
0 0.00411340082064271 17.33477973937988 -1.245668530464172 0.9410892724990845 0.30646151304245 8
279
-0.3399645090103149 0.6960881352424622 0.6323649883270264
0.3523589968681335 0.6412555575370789 0.6816409826278687
-0.6100327968597412 0.05900415778160095 0.7901762127876282
-0.2077181041240692 0.4012882113456726 0.892087996006012
-0.6835517287254333 0.7291349768638611 -0.03345561400055885
0.9945946931838989 0.1026760190725327 -0.01545956078916788
0.6458228826522827 -0.09374185651540756 0.7577105164527893
0.442200094461441 0.8930408954620361 0.0832885280251503
0.6057113409042358 0.7950511574745178 -0.03173963353037834
0.5087766647338867 0.5863190889358521 -0.6303778290748596
0.9945946931838989 0.1026760190725327 -0.01545956078916788
0.6057113409042358 0.7950511574745178 -0.03173963353037834
1.542230738850735e-16 0.2885398864746094 -0.9574678540229797
0.3526092171669006 -0.1437074840068817 -0.9246701598167419
-0.3915816843509674 0.5850381255149841 -0.7102071046829224
-0.6835517287254333 0.7291349768638611 -0.03345561400055885
-0.5744206309318542 -0.0837528333067894 -0.8142643570899963
-0.2234216183423996 0.8001481890678406 -0.5566378235816956
-0.6349436640739441 -0.3846445381641388 0.6699963212013245
-0.7913013696670532 -0.1579713225364685 0.5906667709350586
-0.896205723285675 -0.4140739738941193 0.1592420041561127
1.100059052774579e-15 -0.5895273685455322 0.8077483773231506
-3.658604496849872e-16 -0.3354358673095703 0.94206303358078
-6.623927349448677e-16 -0.2547537684440613 0.9670059680938721
0.6349436640739441 -0.3846445381641388 0.6699963212013245
0.896205723285675 -0.4140739738941193 0.1592420041561127
0.7913013696670532 -0.1579713225364685 0.5906667709350586
0.8610238432884216 -0.4484158754348755 0.239919051527977
0.4828169941902161 -0.5487635135650635 -0.6824561357498169
0.1633319109678268 0.09761608392000198 -0.9817299842834473
0.7324002385139465 0.2618373036384583 -0.6285150051116943
0 0.03212469071149826 -0.9994838833808899
3.215123655179285e-17 -0.62287437915802 -0.7823218703269958
-8.151919861502761e-17 -0.568580150604248 -0.8226278424263
-0.4828169941902161 -0.5487635135650635 -0.6824561357498169
-0.9805210828781128 -0.01068788766860962 0.1961229890584946
-0.7324002385139465 0.2618373036384583 -0.6285150051116943
0 0.03212469071149826 -0.9994838833808899
-8.151919861502761e-17 -0.568580150604248 -0.8226278424263
3.215123655179285e-17 -0.62287437915802 -0.7823218703269958
-0.5664480924606323 -0.7069706916809082 -0.4234725534915924
-0.6561377644538879 0.557627260684967 0.5084633827209473
-0.6801245808601379 0.02860048413276672 0.7325384020805359
6.98465697646501e-16 0.8000920414924622 0.5998772382736206
-0.1810098439455032 0.9820281863212585 0.05344190821051598
-0.7132179141044617 0.6947479248046875 -0.09298132359981537
0.6561377644538879 0.557627260684967 0.5084633827209473
0.9805210828781128 -0.01068788766860962 0.1961229890584946
0.7132179141044617 0.6947479248046875 -0.09298132359981537
0.6801245808601379 0.02860048413276672 0.7325384020805359
0.1810098439455032 0.9820281863212585 0.05344190821051598
0.5421501994132996 0.6412743926048279 -0.5429919958114624
0.1827573776245117 0.7392194271087646 -0.6481931805610657
-0.5421501994132996 0.6412743926048279 -0.5429919958114624
-0.1827573776245117 0.7392194271087646 -0.6481931805610657
0.6834604740142822 -0.5035902857780457 -0.5284681916236877
0.9932012557983398 0.04888835549354553 0.1056467965245247
0.3975822329521179 -0.9165241122245789 -0.0437249094247818
-0.4885194599628448 -0.5581321120262146 -0.6706991195678711
0.5240455865859985 -0.01091179065406322 -0.8516203165054321
-0.3563562631607056 0.9061105847358704 0.2279776185750961
0.1842591464519501 -0.1203988194465637 0.9754756093025208
0.2800107598304749 0.4085133373737335 0.8687409162521362
-0.3759212493896484 0.03845010697841644 0.9258535504341125
-0.2081850171089172 -0.07758956402540207 0.9750071167945862
-0.1225868910551071 0.5584173202514648 -0.8204526305198669
0.09894688427448273 0.6197904348373413 -0.7785045504570007
-6.049536978025571e-07 -0.02459458447992802 -0.9996975064277649
-0.213684007525444 0.1397454738616943 -0.9668558835983276
-0.5016926527023315 0.4531092941761017 -0.7368829250335693
0.2737049162387848 0.7911543846130371 -0.5469555854797363
0.442200094461441 0.8930408954620361 0.0832885280251503
-0.3563562631607056 0.9061105847358704 0.2279776185750961
-0.6100327968597412 0.05900415778160095 0.7901762127876282
-0.8714132905006409 -0.4634078741073608 0.1609101295471191
-0.9962650537490845 0.08634672313928604 -0.0004054924938827753
0.6458228826522827 -0.09374185651540756 0.7577105164527893
3.769093327374295e-16 -0.1555730849504471 -0.9878243803977966
0.3526092171669006 -0.1437074840068817 -0.9246701598167419
0.6337941884994507 -0.6608242988586426 -0.4020151793956757
-0.9962650537490845 0.08634672313928604 -0.0004054924938827753
-0.5744206309318542 -0.0837528333067894 -0.8142643570899963
3.769093327374295e-16 -0.1555730849504471 -0.9878243803977966
0.9945946931838989 0.1026760190725327 -0.01545956078916788
-0.1633319109678268 0.09761608392000198 -0.9817299842834473
-0.4045213460922241 -0.3927650451660156 -0.8258923292160034
-0.4521933495998383 -0.1621754467487335 -0.8770520687103271
-0.9889490008354187 -0.1478205472230911 0.01135472301393747
0.3545772433280945 -0.2950794398784637 0.8872446417808533
-0.4483696818351746 -0.07543962448835373 -0.8906590342521667
-0.8425974249839783 -0.1199177280068398 -0.5250231623649597
-0.6130414605140686 0.161895215511322 -0.7732852697372437
0.3797174394130707 -0.2877547740936279 -0.8792109489440918
-0.9852308630943298 -0.1562523692846298 -0.07003804296255112
-0.3873691260814667 -0.8059036731719971 0.4477325081825256
0.977630615234375 -0.2099053412675858 -0.01334699895232916
0.8417393565177917 -0.1291475594043732 -0.5242096781730652
0.4414317607879639 -0.07843931764364243 -0.8938597440719604
0.3968274295330048 -0.1583376526832581 -0.9041333794593811
0.9702199697494507 -0.2409756928682327 -0.02457519620656967
0.3545772433280945 -0.2950794398784637 0.8872446417808533
-0.4334249198436737 0.6402105689048767 0.6342501640319824
-0.9122008681297302 -0.1803969144821167 0.3678947389125824
-0.8408178091049194 0.5240048766136169 -0.1358100771903992
-0.3673906922340393 0.3776126205921173 0.8499604463577271
-0.9363391399383545 0.08574265241622925 0.3404661118984222
-0.04683074355125427 0.6180312037467957 -0.7847574949264526
-0.1140002980828285 -0.9934755563735962 -0.00319453701376915
0.9702199697494507 -0.2409756928682327 -0.02457519620656967
-0.06868796795606613 -0.5406768321990967 0.8384214043617249
-0.9122008681297302 -0.1803969144821167 0.3678947389125824
-0.7177319526672363 -0.265895277261734 -0.6435530781745911
0.1174750700592995 -0.3177861869335175 -0.9408568143844604
-0.9852308630943298 -0.1562523692846298 -0.07003804296255112
-0.01257915142923594 -0.0009325557621195912 0.9999204277992249
-0.1981659084558487 -0.09596282988786697 0.9754595756530762
0.662814199924469 -0.1225563883781433 -0.7386861443519592
0.0480705052614212 -0.05121935531497002 -0.9975298643112183
0.9903761148452759 -0.09658658504486084 0.09912688285112381
0.9780124425888062 0.01846598647534847 0.2077273279428482
0.9903761148452759 -0.09658658504486084 0.09912688285112381
0.3829700350761414 0.236724004149437 0.8929141759872437
-0.3873691260814667 -0.8059036731719971 0.4477325081825256
0.3207835555076599 -0.06543721258640289 0.9448893666267395
0.5968614220619202 0.4288156032562256 -0.6781398057937622
0.2853607535362244 0.08182605355978012 -0.9549208283424377
0.9647546410560608 -0.05946201458573341 0.2563450634479523
0.01073121558874846 -0.1262000650167465 0.9919467568397522
0.9981299638748169 -0.05233067646622658 0.03159219771623611
0.9647546410560608 -0.05946201458573341 0.2563450634479523
0.7112091183662415 -0.3065287470817566 -0.6326307654380798
0.9473432302474976 -0.2810083329677582 0.1535418927669525
0.02646058797836304 -0.07439356297254562 0.9968778491020203
0.1738628298044205 -0.6185895800590515 0.7662366628646851
-0.9851312041282654 -0.07881277054548264 0.1526598036289215
-0.6398913860321045 -0.761085569858551 0.1062439978122711
-0.9851312041282654 -0.07881277054548264 0.1526598036289215
-0.3032121658325195 -0.6153468489646912 -0.7276061177253723
-0.5868262052536011 -0.08765807002782822 -0.8049540519714355
-0.5690335035324097 -0.08651004731655121 -0.8177511096000671
-0.985443115234375 -0.08027517795562744 0.1498590856790543
-0.9827072620391846 -0.06491721421480179 0.1734134256839752
-0.3876706957817078 -0.5120964050292969 0.7664650678634644
-0.9343417286872864 -0.3209824562072754 0.1548413038253784
-0.9827072620391846 -0.06491721421480179 0.1734134256839752
-0.6069678068161011 -0.2386526763439178 -0.7580468058586121
-0.5578948259353638 -0.0947558656334877 -0.8244844675064087
-0.5502805709838867 -0.07743559032678604 -0.8313813805580139
-0.9844462275505066 -0.0547516830265522 0.1669368743896484
0.9674710631370544 -0.09176165610551834 0.2357532382011414
-0.01073121558874846 -0.1262000650167465 0.9919467568397522
0.9939138293266296 -0.07064135372638702 -0.08452842384576797
0.9674710631370544 -0.09176165610551834 0.2357532382011414
0.5941867828369141 -0.09574365615844727 -0.7986083030700684
0.630832850933075 -0.7703529596328735 0.09276971966028214
0.2229436933994293 -0.05780943110585213 0.9731156826019287
0.630832850933075 -0.7703529596328735 0.09276971966028214
0.9932012557983398 0.04888835549354553 0.1056467965245247
0.7191590070724487 -0.1930882036685944 0.6674783229827881
0.3975822329521179 -0.9165241122245789 -0.0437249094247818
0.03284535929560661 0.8143633008003235 0.5794252157211304
-0.9988152384757996 0.04429362714290619 0.02015540935099125
-0.7601534128189087 -0.6485318541526794 -0.03966370597481728
-0.5856426954269409 0.003710459219291806 -0.8105608224868774
-0.9988222718238831 0.03517518937587738 0.03341842815279961
-0.5129663944244385 -0.342211127281189 -0.7872464656829834
-0.3941208720207214 -0.9186115860939026 -0.02866187132894993
-0.5250388383865356 0.001511101145297289 -0.8510769009590149
0.9938058853149414 0.06695964932441711 0.08869226276874542
-0.003532713279128075 0.8248631954193115 0.5653213262557983
-0.4077189862728119 -0.8154616951942444 0.4108375012874603
-0.7601534128189087 -0.6485318541526794 -0.03966370597481728
-0.559815526008606 0.5537481307983398 0.6164167523384094
-0.9988152384757996 0.04429362714290619 0.02015540935099125
0.7237528562545776 -0.6617168784141541 -0.1957361251115799
0.5402748584747314 -0.6164661645889282 0.572776198387146
0.7237528562545776 -0.6617168784141541 -0.1957361251115799
0.4201659262180328 -0.7664342522621155 -0.4858385324478149
0.5981331467628479 -0.01852676458656788 -0.8011825680732727
0.9938058853149414 0.06695964932441711 0.08869226276874542
0.5402748584747314 -0.6164661645889282 0.572776198387146
-0.7682590484619141 -0.4856952726840973 0.4169869422912598
-0.4077189862728119 -0.8154616951942444 0.4108375012874603
0.5003792643547058 0.7557281851768494 0.4224872291088104
0.7191590070724487 -0.1930882036685944 0.6674783229827881
-0.7682590484619141 -0.4856952726840973 0.4169869422912598
-0.9988222718238831 0.03517518937587738 0.03341842815279961
-0.3941208720207214 -0.9186115860939026 -0.02866187132894993
-0.4156767725944519 0.5525150299072266 0.7224541306495667
0.5089234113693237 0.6793545484542847 0.5286533832550049
-0.8271031975746155 0.5609236359596252 -0.03556638956069946
-0.9363391399383545 0.08574265241622925 0.3404661118984222
0.3664593100547791 0.3121584355831146 -0.8765071034431458
0.6021889448165894 0.2870602607727051 -0.7449596524238586
0.7899834513664246 0.4854070544242859 -0.374574601650238
0.6522713899612427 0.5680281519889832 0.5018824934959412
0.9780124425888062 0.01846598647534847 0.2077273279428482
0.6522713899612427 0.5680281519889832 0.5018824934959412
-0.7262728214263916 -0.1669091284275055 0.6668351888656616
-0.2486528754234314 -0.003906681202352047 0.9685847759246826
-0.9962650537490845 0.08634672313928604 -0.0004054924938827753
3.655672439363392e-17 0.0430830791592598 0.999071478843689
-0.9889490008354187 -0.1478205472230911 0.01135472301393747
-0.8807554244995117 -0.0729900524020195 0.4679127335548401
0.7114183902740479 -0.2799998819828033 0.6445804238319397
0.7959929704666138 -0.06452096253633499 0.6018573641777039
0.977630615234375 -0.2099053412675858 -0.01334699895232916
0.278838187456131 0.01981016993522644 0.9601337313652039
-0.9995424747467041 -0.003572568064555526 -0.03003376349806786
0.8238481283187866 -0.5661924481391907 0.02646498009562492
0.9982838034629822 -0.04976126179099083 0.03087439388036728
-0.9995424747467041 -0.003572568064555526 -0.03003376349806786
-0.8830064535140991 -0.4686141610145569 -0.02646498009562492
0.9982838034629822 -0.04976126179099083 0.03087439388036728
-0.8830064535140991 -0.4686141610145569 -0.02646498009562492
0.8238481283187866 -0.5661924481391907 0.02646498009562492
-1.059386613633251e-05 -0.103244237601757 -0.9946560263633728
0.9473432302474976 -0.2810083329677582 0.1535418927669525
0.817588746547699 -0.1803929805755615 0.5468153357505798
0.9370556473731995 -0.3296744525432587 -0.1150718107819557
0.2286459058523178 -0.4273276627063751 0.8747068643569946
-0.6398913860321045 -0.761085569858551 0.1062439978122711
-0.8118717074394226 -0.1923708468675613 0.5512329339981079
-0.9125688672065735 -0.3254062533378601 -0.2476465851068497
-0.9343417286872864 -0.3209824562072754 0.1548413038253784
-0.9125688672065735 -0.3254062533378601 -0.2476465851068497
0.2624052464962006 -0.6570924520492554 -0.7066632509231567
-0.1533845961093903 -0.4674602150917053 0.8706055879592896
-0.985443115234375 -0.08027517795562744 0.1498590856790543
-0.9844462275505066 -0.0547516830265522 0.1669368743896484
0.9981299638748169 -0.05233067646622658 0.03159219771623611
0.5172210931777954 -0.125704824924469 -0.8465699553489685
0.6650205850601196 -0.08961156010627747 -0.7414292693138123
0.9939138293266296 -0.07064135372638702 -0.08452842384576797
0.6184139847755432 -0.07760937511920929 -0.7820108532905579
-0.8271031975746155 0.5609236359596252 -0.03556638956069946
-0.2992990612983704 0.03616751357913017 0.9534736275672913
-0.8575564622879028 0.1954789459705353 0.4757992327213287
-0.9867360591888428 0.1332027465105057 -0.09278440475463867
0.9370556473731995 -0.3296744525432587 -0.1150718107819557
0.7728452086448669 -0.1021974831819534 -0.6263114213943481
0.9889281988143921 0.1287721544504166 -0.07374777644872665
-0.7765387892723083 -0.1054578870534897 -0.6211812496185303
-0.9867360591888428 0.1332027465105057 -0.09278440475463867
-0.8196874260902405 0.1771158427000046 -0.5447407960891724
-0.2557803094387054 -0.4240092039108276 -0.8687880039215088
-0.30824014544487 0.06941769272089005 -0.9487724304199219
0.8206744790077209 0.1708004772663116 -0.5452711582183838
0.1789179444313049 -0.3924662470817566 -0.9021965265274048
0.220495343208313 0.05055771023035049 -0.9740768671035767
0.9889281988143921 0.1287721544504166 -0.07374777644872665
0.9890159964561462 0.1435170471668243 -0.03535829856991768
0.8252925872802734 0.2440905869007111 0.5092267990112305
-0.2430478483438492 0.06352723389863968 -0.9679318070411682
0.2930919826030731 0.0342494510114193 -0.9554706215858459
-0.977304220199585 0.1690300554037094 -0.1276920139789581
0.2146298140287399 0.008547449484467506 0.976658046245575
-0.2235791236162186 0.1987915188074112 0.9541982412338257
0.2799265086650848 0.1446080952882767 0.9490677714347839
0.9890159964561462 0.1435170471668243 -0.03535829856991768
-0.977304220199585 0.1690300554037094 -0.1276920139789581
0.9856589436531067 -0.1533985435962677 -0.07032301276922226
0.9856589436531067 -0.1533985435962677 -0.07032301276922226
0.8550416827201843 0.3638571798801422 0.3694749176502228
0.8550416827201843 0.3638571798801422 0.3694749176502228
-0.8934379816055298 0.106675498187542 0.4363357424736023
-0.8934379816055298 0.106675498187542 0.4363357424736023
-0.8382159471511841 0.4213656485080719 0.3461863696575165
-0.8382159471511841 0.4213656485080719 0.3461863696575165
0 0.9923443794250488 -0.1235013976693153
0 0.7474221587181091 -0.664349377155304
0 0.7474221587181091 -0.664349377155304
-0.06096139177680016 -0.6603386402130127 0.7484894990921021
-0.06096139177680016 -0.6603386402130127 0.7484894990921021
-0.01469094306230545 -0.6629838943481445 -0.7484894990921021
-0.04358121380209923 -0.03511125594377518 0.9984326958656311
0.005735221784561872 0.9913561344146729 -0.1310727298259735
0.005735221784561872 0.9913561344146729 -0.1310727298259735
3.769093327374295e-16 -0.1555730849504471 -0.9878243803977966
414
0 0 1 2 0 1 2 1
0 0 3 1 0 3 1 1
0 0 2 4 0 2 4 1
0 1 5 6 1 5 6 1
0 1 7 8 1 7 8 1
0 9 10 11 9 10 11 1
0 9 12 13 9 12 13 1
0 14 15 16 14 15 16 1
0 14 17 15 14 17 15 1
0 14 12 17 14 12 17 1
0 18 19 20 18 19 20 1
0 18 21 22 18 21 22 1
0 18 23 19 18 23 19 1
0 24 25 26 24 25 26 1
0 24 27 25 24 27 25 1
0 24 23 22 24 23 22 1
0 28 29 30 28 29 30 1
0 28 31 29 28 31 29 1
0 28 32 33 28 32 33 1
0 34 20 35 34 20 35 1
0 34 35 36 34 35 36 1
0 34 37 38 34 37 38 1
0 34 39 40 34 39 40 1
0 41 42 43 41 42 43 1
0 41 44 45 41 44 45 1
0 46 47 48 46 47 48 1
0 46 49 47 46 49 47 1
0 46 50 43 46 50 43 1
0 51 52 48 51 52 48 1
0 53 36 45 53 36 45 1
0 53 54 36 53 54 36 1
0 55 56 57 55 56 57 1
0 55 58 59 55 58 59 1
0 3 0 60 3 0 60 1
0 3 61 62 3 61 62 1
0 3 63 64 3 63 64 1
0 65 17 66 65 17 66 1
0 65 67 68 65 67 68 1
0 65 69 17 65 69 17 1
0 11 70 9 11 70 9 1
0 8 5 1 8 5 1 1
0 11 71 70 11 71 70 1
0 70 12 9 70 12 9 1
0 4 60 0 4 60 0 1
0 17 69 72 17 69 72 1
0 17 12 70 17 12 70 1
0 73 21 74 73 21 74 1
0 73 74 75 73 74 75 1
0 6 2 1 6 2 1 1
0 76 21 73 76 21 73 1
0 76 27 21 76 27 21 1
0 13 10 9 13 10 9 1
0 13 12 77 13 12 77 1
0 78 32 79 78 32 79 1
0 16 15 80 16 15 80 1
0 81 74 40 81 74 40 1
0 16 12 14 16 12 14 1
0 81 39 82 81 39 82 1
0 22 21 24 22 21 24 1
0 22 23 18 22 23 18 1
0 79 28 25 79 28 25 1
0 79 83 78 79 83 78 1
0 79 32 28 79 32 28 1
0 20 34 40 20 34 40 1
0 20 74 18 20 74 18 1
0 40 39 81 40 39 81 1
0 43 49 46 43 49 46 1
0 43 44 41 43 44 41 1
0 19 23 42 19 23 42 1
0 19 35 20 19 35 20 1
0 48 30 51 48 30 51 1
0 48 52 50 48 52 50 1
0 48 50 46 48 50 46 1
0 26 23 24 26 23 24 1
0 26 47 49 26 47 49 1
0 30 47 28 30 47 28 1
0 30 52 51 30 52 51 1
0 45 35 41 45 35 41 1
0 45 54 53 45 54 53 1
0 36 54 84 36 54 84 1
0 36 84 34 36 84 34 1
0 85 69 86 85 69 86 1
0 85 87 88 85 87 88 1
0 85 89 90 85 89 90 1
0 85 91 69 85 91 69 1
0 92 93 94 92 93 94 1
0 92 95 96 92 95 96 1
0 92 97 98 92 97 98 1
0 99 100 101 99 100 101 1
0 101 102 103 101 102 103 1
0 101 104 105 101 104 105 1
0 101 63 104 101 63 104 1
0 101 100 63 101 100 63 1
0 101 106 99 101 106 99 1
0 102 101 105 102 101 105 1
0 107 85 108 107 85 108 1
0 107 108 109 107 108 109 1
0 107 110 111 107 110 111 1
0 107 109 110 107 109 110 1
0 93 92 112 93 92 112 1
0 113 114 115 113 114 115 1
0 112 92 116 112 92 116 1
0 112 117 93 112 117 93 1
0 118 116 119 118 116 119 1
0 118 117 112 118 117 112 1
0 120 121 115 120 121 115 1
0 115 122 113 115 122 113 1
0 115 114 120 115 114 120 1
0 62 1 3 62 1 3 1
0 62 61 123 62 61 123 1
0 66 70 124 66 70 124 1
0 66 17 70 66 17 70 1
0 66 67 65 66 67 65 1
0 66 124 125 66 124 125 1
0 126 127 128 126 127 128 1
0 129 130 131 129 130 131 1
0 132 126 133 132 126 133 1
0 132 134 127 132 134 127 1
0 134 133 135 134 133 135 1
0 136 137 138 136 137 138 1
0 136 139 140 136 139 140 1
0 141 142 143 141 142 143 1
0 144 145 146 144 145 146 1
0 144 147 148 144 147 148 1
0 149 150 151 149 150 151 1
0 152 153 154 152 153 154 1
0 155 141 150 155 141 150 1
0 155 156 142 155 156 142 1
0 56 55 59 56 55 59 1
0 157 158 159 157 158 159 1
0 157 127 160 157 127 160 1
0 161 58 162 161 58 162 1
0 161 139 163 161 139 163 1
0 164 165 166 164 165 166 1
0 164 147 167 164 147 167 1
0 168 150 169 168 150 169 1
0 162 57 170 162 57 170 1
0 171 172 173 171 172 173 1
0 57 58 55 57 58 55 1
0 174 168 175 174 168 175 1
0 176 166 177 176 166 177 1
0 176 178 179 176 178 179 1
0 166 180 181 166 180 181 1
0 182 158 172 182 158 172 1
0 158 157 183 158 157 183 1
0 184 170 57 184 170 57 1
0 183 157 160 183 157 160 1
0 183 172 158 183 172 158 1
0 172 171 182 172 171 182 1
0 172 183 160 172 183 160 1
0 172 160 173 172 160 173 1
0 185 186 187 185 186 187 1
0 185 175 188 185 175 188 1
0 175 168 189 175 168 189 1
0 180 166 176 180 166 176 1
0 189 168 169 189 168 169 1
0 189 188 175 189 188 175 1
0 188 186 185 188 186 185 1
0 188 169 186 188 169 186 1
0 190 111 191 190 111 191 1
0 190 69 91 190 69 91 1
0 192 92 193 192 92 193 1
0 192 71 194 192 71 194 1
0 192 194 116 192 194 116 1
0 195 121 196 195 121 196 1
0 195 7 121 195 7 121 1
0 197 194 71 197 194 71 1
0 64 198 199 64 198 199 1
0 64 199 61 64 199 61 1
0 68 69 65 68 69 65 1
0 83 27 76 83 27 76 1
0 200 4 2 200 4 2 1
0 75 74 81 75 74 81 1
0 21 27 24 21 27 24 1
0 27 79 25 27 79 25 1
0 27 83 79 27 83 79 1
0 74 20 40 74 20 40 1
0 74 21 18 74 21 18 1
0 23 49 201 23 49 201 1
0 47 25 28 47 25 28 1
0 47 26 25 47 26 25 1
0 47 30 48 47 30 48 1
0 35 45 36 35 45 36 1
0 35 42 41 35 42 41 1
0 198 64 63 198 64 63 1
0 198 202 203 198 202 203 1
0 204 61 205 204 61 205 1
0 204 123 61 204 123 61 1
0 204 206 123 204 206 123 1
0 122 123 206 122 123 206 1
0 98 125 92 98 125 92 1
0 98 67 125 98 67 125 1
0 111 85 107 111 85 107 1
0 116 92 192 116 92 192 1
0 116 118 112 116 118 112 1
0 116 194 119 116 194 119 1
0 196 121 120 196 121 120 1
0 119 194 197 119 194 197 1
0 61 3 64 61 3 64 1
0 61 199 207 61 199 207 1
0 114 113 208 114 113 208 1
0 114 209 210 114 209 210 1
0 211 93 117 211 93 117 1
0 208 212 114 208 212 114 1
0 117 118 213 117 118 213 1
0 117 214 211 117 214 211 1
0 210 120 114 210 120 114 1
0 213 215 117 213 215 117 1
0 125 67 66 125 67 66 1
0 67 97 216 67 97 216 1
0 67 89 86 67 89 86 1
0 86 68 67 86 68 67 1
0 86 69 68 86 69 68 1
0 86 89 85 86 89 85 1
0 217 133 126 217 133 126 1
0 217 218 133 217 218 133 1
0 131 130 219 131 130 219 1
0 133 134 132 133 134 132 1
0 133 218 220 133 218 220 1
0 135 133 156 135 133 156 1
0 221 154 137 221 154 137 1
0 221 137 136 221 137 136 1
0 143 222 223 143 222 223 1
0 224 225 145 224 225 145 1
0 224 145 144 224 145 144 1
0 156 155 149 156 155 149 1
0 156 133 142 156 133 142 1
0 154 153 226 154 153 226 1
0 142 141 155 142 141 155 1
0 142 133 227 142 133 227 1
0 142 222 143 142 222 143 1
0 228 173 127 228 173 127 1
0 228 127 134 228 127 134 1
0 229 186 150 229 186 150 1
0 229 150 141 229 150 141 1
0 150 149 155 150 149 155 1
0 150 168 151 150 168 151 1
0 127 126 132 127 126 132 1
0 127 157 128 127 157 128 1
0 230 231 129 230 231 129 1
0 230 59 232 230 59 232 1
0 233 178 234 233 178 234 1
0 233 153 152 233 153 152 1
0 169 188 189 169 188 189 1
0 169 150 186 169 150 186 1
0 160 127 173 160 127 173 1
0 104 60 235 104 60 235 1
0 121 7 123 121 7 123 1
0 222 236 237 222 236 237 1
0 223 222 238 223 222 238 1
0 239 218 217 239 218 217 1
0 219 240 241 219 240 241 1
0 242 243 244 242 243 244 1
0 245 225 242 245 225 242 1
0 245 242 246 245 242 246 1
0 245 137 226 245 137 226 1
0 240 247 241 240 247 241 1
0 240 130 248 240 130 248 1
0 248 245 249 248 245 249 1
0 248 130 137 248 130 137 1
0 250 218 239 250 218 239 1
0 241 247 251 241 247 251 1
0 250 252 218 250 252 218 1
0 249 240 248 249 240 248 1
0 249 247 240 249 247 240 1
0 249 253 254 249 253 254 1
0 243 242 225 243 242 225 1
0 238 237 255 238 237 255 1
0 246 249 245 246 249 245 1
0 246 244 253 246 244 253 1
0 256 227 220 256 227 220 1
0 256 257 236 256 257 236 1
0 256 252 258 256 252 258 1
0 236 222 227 236 222 227 1
0 236 227 256 236 227 256 1
0 227 133 220 227 133 220 1
0 227 222 142 227 222 142 1
0 220 218 256 220 218 256 1
0 72 15 17 72 15 17 1
0 60 104 63 60 104 63 1
0 72 69 190 72 69 190 1
0 123 115 121 123 115 121 1
0 123 122 115 123 122 115 1
0 123 7 62 123 7 62 1
0 7 1 62 7 1 62 1
0 71 192 193 71 192 193 1
0 71 124 70 71 124 70 1
0 193 92 124 193 92 124 1
0 124 92 125 124 92 125 1
0 124 71 193 124 71 193 1
0 63 3 60 63 3 60 1
0 63 202 198 63 202 198 1
0 88 108 85 88 108 85 1
0 100 202 63 100 202 63 1
0 42 35 19 42 35 19 1
0 49 43 201 49 43 201 1
0 49 23 26 49 23 26 1
0 201 43 42 201 43 42 1
0 201 42 23 201 42 23 1
0 90 244 87 90 244 87 1
0 90 87 85 90 87 85 1
0 244 246 242 244 246 242 1
0 244 89 253 244 89 253 1
0 258 257 256 258 257 256 1
0 258 199 257 258 199 257 1
0 207 258 205 207 258 205 1
0 207 205 61 207 205 61 1
0 247 95 251 247 95 251 1
0 96 247 97 96 247 97 1
0 96 97 92 96 97 92 1
0 257 199 237 257 199 237 1
0 257 237 236 257 237 236 1
0 199 258 207 199 258 207 1
0 259 252 250 259 252 250 1
0 259 205 252 259 205 252 1
0 95 92 94 95 92 94 1
0 95 247 96 95 247 96 1
0 254 247 249 254 247 249 1
0 254 97 247 254 97 247 1
0 254 253 216 254 253 216 1
0 97 67 98 97 67 98 1
0 97 254 216 97 254 216 1
0 260 244 243 260 244 243 1
0 260 87 244 260 87 244 1
0 202 237 203 202 237 203 1
0 216 89 67 216 89 67 1
0 216 253 89 216 253 89 1
0 89 244 90 89 244 90 1
0 253 249 246 253 249 246 1
0 252 256 218 252 256 218 1
0 252 205 258 252 205 258 1
0 205 259 206 205 259 206 1
0 205 206 204 205 206 204 1
0 237 238 222 237 238 222 1
0 237 202 255 237 202 255 1
0 203 199 198 203 199 198 1
0 203 237 199 203 237 199 1
0 261 99 106 261 99 106 1
0 262 263 109 262 263 109 1
0 106 264 261 106 264 261 1
0 106 103 265 106 103 265 1
0 266 110 109 266 110 109 1
0 265 267 106 265 267 106 1
0 265 103 102 265 103 102 1
0 109 108 262 109 108 262 1
0 109 268 266 109 268 266 1
0 54 37 84 54 37 84 1
0 54 269 270 54 269 270 1
0 52 31 271 52 31 271 1
0 52 269 50 52 269 50 1
0 44 43 269 44 43 269 1
0 44 54 45 44 54 45 1
0 44 269 54 44 269 54 1
0 50 269 43 50 269 43 1
0 29 52 30 29 52 30 1
0 29 31 52 29 31 52 1
0 231 130 129 231 130 129 1
0 231 137 130 231 137 130 1
0 231 139 138 231 139 138 1
0 130 240 219 130 240 219 1
0 59 230 56 59 230 56 1
0 232 231 230 232 231 230 1
0 232 59 139 232 59 139 1
0 232 139 231 232 139 231 1
0 163 59 58 163 59 58 1
0 163 58 161 163 58 161 1
0 163 139 59 163 139 59 1
0 58 57 162 58 57 162 1
0 138 139 136 138 139 136 1
0 137 245 248 137 245 248 1
0 137 231 138 137 231 138 1
0 145 225 245 145 225 245 1
0 145 153 146 145 153 146 1
0 167 165 164 167 165 164 1
0 167 178 165 167 178 165 1
0 167 147 178 167 147 178 1
0 165 177 166 165 177 166 1
0 146 147 144 146 147 144 1
0 178 233 179 178 233 179 1
0 177 165 178 177 165 178 1
0 177 178 176 177 178 176 1
0 153 233 234 153 233 234 1
0 153 145 226 153 145 226 1
0 153 147 146 153 147 146 1
0 226 137 154 226 137 154 1
0 226 145 245 226 145 245 1
0 139 161 140 139 161 140 1
0 147 164 148 147 164 148 1
0 234 178 147 234 178 147 1
0 234 147 153 234 147 153 1
0 191 111 110 191 111 110 1
0 105 104 235 105 104 235 1
0 91 85 111 91 85 111 1
0 91 111 190 91 111 190 1
0 209 114 272 209 114 272 1
0 272 114 212 272 114 212 1
0 273 214 215 273 214 215 1
0 214 117 274 214 117 274 1
0 274 117 215 274 117 215 1
0 274 215 214 274 215 214 1
0 275 109 263 275 109 263 1
0 275 268 109 275 268 109 1
0 264 106 276 264 106 276 1
0 263 268 275 263 268 275 1
0 276 106 267 276 106 267 1
0 277 268 263 277 268 263 1
0 37 34 84 37 34 84 1
0 270 37 54 270 37 54 1
0 271 269 52 271 269 52 1
0 77 12 16 77 12 16 1
0 278 32 78 278 32 78 1
0 33 31 28 33 31 28 1
0 38 39 34 38 39 34 1
0 103 106 101 103 106 101 1
"Mesh" 0 0
112
0 -3.160135746002197 9.09934139251709 -3.552522420883179 0.4667717814445496 0.4335767030715942 12
0 -1.617777824401855 10.47165107727051 -2.548485517501831 0.4596398770809174 0.4390885829925537 0
0 -3.699960947036743 10.49913024902344 -3.113256216049194 0.4678008556365967 0.4385848641395569 12
0 -1.617777824401855 7.97951078414917 -4.807568550109863 0.4672609567642212 0.4249683618545532 12
0 -1.617777824401855 8.602545738220215 -3.113256216049194 0.461301863193512 0.430385410785675 12
0 -4.394021987915039 10.58156681060791 -4.807568550109863 0.4731650054454803 0.4367437958717346 12
0 -3.699960947036743 8.630024909973145 -4.807568550109863 0.4705721735954285 0.4315838813781738 12
0 -3.588740825653076 12.72600364685059 -3.02717399597168 0.4698160290718079 0.4466575384140015 12
0 -1.68666672706604 12.66263580322266 -2.507002830505371 0.4615169167518616 0.4486144185066223 12
0 -1.893333315849304 14.25130844116211 -2.382554292678833 0.4644026458263397 0.455873966217041 12
0 -3.255081176757812 14.36738395690918 -2.768926858901978 0.4710824191570282 0.4543396234512329 12
0 -3.708997011184692 14.71560955047607 -3.928044557571411 0.4771988689899445 0.4532148241996765 12
0 -4.222765922546387 12.91610622406006 -4.587687492370605 0.4761344790458679 0.4443889856338501 12
0 0.215407595038414 12.72600364685059 -3.02717399597168 0.5113903284072876 0.4459041357040405 12
0 -1.617777824401855 10.47165107727051 -2.548485517501831 0.5212653279304504 0.4399427771568298 0
0 0.4644053280353546 10.49913024902344 -3.113256216049194 0.5136849284172058 0.4386223554611206 12
0 1.158466339111328 10.58156681060791 -4.807568550109863 0.5089163780212402 0.4365770220756531 12
0 0.8494323492050171 12.91610622406006 -4.587687492370605 0.5059241652488708 0.4433503746986389 12
0 -1.893333315849304 14.25130844116211 -2.382554292678833 0.5162138342857361 0.4563518166542053 12
0 -1.68666672706604 12.66263580322266 -2.507002830505371 0.5188015103340149 0.4491233229637146 12
0 -0.0776696652173996 14.71560955047607 -3.928044557571411 0.5045177936553955 0.4521850347518921 12
0 -0.5315855741500854 14.36738395690918 -2.768926858901978 0.5103126168251038 0.4536669254302979 12
0 -0.07541992515325546 9.09934139251709 -3.552522420883179 0.5149743556976318 0.4340709447860718 12
0 -1.617777824401855 8.602545738220215 -3.113256216049194 0.520361602306366 0.4314365983009338 12
0 -1.617777824401855 7.97951078414917 -4.807568550109863 0.5149402022361755 0.4259011745452881 12
0 0.4644053280353546 8.630024909973145 -4.807568550109863 0.5115144848823547 0.4319905042648315 12
0 -3.160135746002197 9.172618865966797 -6.062614440917969 0.4745631814002991 0.4297053813934326 12
0 -1.617777824401855 10.69148349761963 -7.066651344299316 0.4842164516448975 0.4276718497276306 12
0 -1.617777824401855 8.657504081726074 -6.501880645751953 0.4753058850765228 0.4232650995254517 12
0 -3.699960947036743 10.6640043258667 -6.501880645751953 0.4780462384223938 0.433699905872345 12
0 -3.588740825653076 13.10620880126953 -6.148200988769531 0.4824920892715454 0.4416661262512207 12
0 -1.893333315849304 15.17990970611572 -5.473535060882568 0.4910728335380554 0.4546579122543335 12
0 -1.68666672706604 13.16957664489746 -6.66837215423584 0.4914689958095551 0.4373700618743896 12
0 -3.255081176757812 15.06383514404297 -5.087162494659424 0.4833264052867889 0.4528086185455322 12
0 0.215407595038414 13.10620880126953 -6.148200988769531 0.5001950263977051 0.4407514929771423 12
0 0.4644053280353546 10.6640043258667 -6.501880645751953 0.5045166611671448 0.4336754679679871 12
0 -1.617777824401855 10.69148349761963 -7.066651344299316 0.4986982643604279 0.4281018376350403 12
0 -0.5315855741500854 15.06383514404297 -5.087162494659424 0.498551219701767 0.4520509839057922 12
0 -0.07541992515325546 9.172618865966797 -6.062614440917969 0.5078336596488953 0.4300769567489624 12
0 -1.617777824401855 8.657504081726074 -6.501880645751953 0.5072823166847229 0.4239872694015503 12
0 -2.92142128944397 15.47159767150879 -2.323785305023193 0.4711098670959473 0.4607684016227722 12
0 -2.099999904632568 15.31700992584229 -2.090636014938354 0.4666865468025208 0.4610781073570251 12
0 -2.168888807296753 15.93907737731934 -1.546743988990784 0.4669452011585236 0.4649378657341003 12
0 -2.810201168060303 16.08696746826172 -1.677019357681274 0.4700635373592377 0.4655329585075378 12
0 -3.023972034454346 16.5306396484375 -2.067845106124878 0.4731549024581909 0.4661666750907898 12
0 -3.195228338241577 15.93535995483398 -3.023232936859131 0.4757941663265228 0.4610520005226135 12
0 -1.278578758239746 15.47159767150879 -2.323785305023193 0.5105786323547363 0.460774302482605 8
0 -1.004771709442139 15.93535995483398 -3.023232936859131 0.5058171153068542 0.4608187675476074 12
0 -2.168888807296753 15.93907737731934 -1.546743988990784 0.5148646235466003 0.4654524922370911 12
0 -2.099999904632568 15.31700992584229 -2.090636014938354 0.5149009823799133 0.4616738557815552 12
0 -1.31380569934845 16.5306396484375 -2.067845106124878 0.508524477481842 0.4662846326828003 8
0 -1.527576446533203 16.08696746826172 -1.677019357681274 0.511725127696991 0.4657338857650757 8
0 -1.278578758239746 16.39912223815918 -3.722680568695068 0.5012509226799011 0.461810827255249 12
0 -2.099999904632568 16.55370903015137 -3.955829858779907 0.4974383413791656 0.4644802212715149 12
0 -2.168888807296753 17.12220191955566 -2.588946104049683 0.5032036900520325 0.4697227478027344 12
0 -1.527576446533203 16.97430992126465 -2.458670854568481 0.5055618286132812 0.4674445390701294 12
0 -2.92142128944397 16.39912223815918 -3.722680568695068 0.4802373945713043 0.4619024991989136 12
0 -2.168888807296753 17.12220191955566 -2.588946104049683 0.4784972667694092 0.4693580269813538 12
0 -2.099999904632568 16.55370903015137 -3.955829858779907 0.484291285276413 0.464057981967926 12
0 -2.810201168060303 16.97430992126465 -2.458670854568481 0.4760470390319824 0.4672398567199707 12
0 -2.819243431091309 16.28915596008301 -0.9243946075439453 0.4682292342185974 0.4688034653663635 12
0 -2.180553913116455 16.1541690826416 -0.8692382574081421 0.465924084186554 0.4675533175468445 12
0 -2.215548992156982 15.99893951416016 -0.1764787137508392 0.4644726812839508 0.4696092009544373 12
0 -2.846369504928589 16.15382194519043 -0.1616767197847366 0.4661550521850586 0.4710617661476135 12
0 -3.035285234451294 16.5239143371582 -0.1656212657690048 0.4672998785972595 0.4719011783599854 12
0 -3.026800394058228 16.67048072814941 -1.101951241493225 0.4701472520828247 0.4695903658866882 12
0 -1.537859916687012 16.27142715454102 -0.9334602952003479 0.5135403275489807 0.4690161943435669 8
0 -1.318289041519165 16.64684104919434 -1.114038825035095 0.5115674734115601 0.4697384238243103 8
0 -2.215548992156982 15.99893951416016 -0.1764787137508392 0.5174424648284912 0.4697272777557373 12
0 -2.180553913116455 16.1541690826416 -0.8692382574081421 0.5158182978630066 0.4678851962089539 12
0 -1.331739068031311 16.42936134338379 -0.2139717936515808 0.5144971013069153 0.4719064831733704 8
0 -1.568710088729858 16.08290672302246 -0.1979396194219589 0.5157006978988647 0.4711130857467651 8
0 -1.525846004486084 17.02816581726074 -1.291595458984375 0.5098214745521545 0.4705473184585571 8
0 -2.164535522460938 17.16315269470215 -1.346751809120178 0.5080760717391968 0.4727470278739929 12
0 -2.151475191116333 16.9543342590332 -0.2031143456697464 0.5121287107467651 0.4748778343200684 12
0 -1.520654678344727 16.79945373535156 -0.2179163247346878 0.5133600234985352 0.4729063510894775 8
0 -2.807229518890381 17.04589462280273 -1.282529711723328 0.4718888401985168 0.470420777797699 12
0 -2.151475191116333 16.9543342590332 -0.2031143456697464 0.4697067439556122 0.4748164415359497 12
0 -2.164535522460938 17.16315269470215 -1.346751809120178 0.4737016558647156 0.4725614190101624 12
0 -2.798314332962036 16.8703670501709 -0.1816534250974655 0.4684203863143921 0.4728973507881165 12
0 -2.870131492614746 15.83500194549561 0.6506450176239014 0.4640465676784515 0.4728353023529053 12
0 -2.247179985046387 15.65290069580078 0.5853095054626465 0.462712436914444 0.4715405106544495 12
0 -2.248752117156982 15.29556274414062 1.469901442527771 0.4610373079776764 0.4735317826271057 12
0 -2.869080781936646 15.48673820495605 1.55208146572113 0.4623043537139893 0.4744439721107483 12
0 -3.033141136169434 15.87115669250488 1.701920390129089 0.4628929197788239 0.4751235842704773 12
0 -3.040405750274658 16.21583938598633 0.7620381116867065 0.4648508131504059 0.4737395644187927 12
0 -1.596195936203003 15.71090126037598 0.5871849656105042 0.5179144144058228 0.4727905988693237 8
0 -1.341824889183044 16.05037117004395 0.6774247288703918 0.5170535445213318 0.4736837148666382 8
0 -2.248752117156982 15.29556274414062 1.469901442527771 0.5209704041481018 0.473516583442688 12
0 -2.247179985046387 15.65290069580078 0.5853095054626465 0.5192808508872986 0.471537172794342 12
0 -1.336215376853943 15.68205165863037 1.60521936416626 0.5190619826316833 0.4750856161117554 8
0 -1.596386432647705 15.34490871429443 1.479555606842041 0.5196762681007385 0.4744116067886353 8
0 -1.512099027633667 16.43120956420898 0.788817822933197 0.5163194537162781 0.4746728539466858 8
0 -2.135050773620605 16.61331176757812 0.8541533350944519 0.5154503583908081 0.4764216542243958 12
0 -2.120604515075684 16.25764465332031 1.837238311767578 0.5181832909584045 0.4774445295333862 12
0 -1.500275731086731 16.06647109985352 1.755058288574219 0.5186159610748291 0.4758992791175842 8
0 -2.78603458404541 16.5553092956543 0.8522778749465942 0.4655589759349823 0.4747211337089539 12
0 -2.120604515075684 16.25764465332031 1.837238311767578 0.4637477695941925 0.4774445295333862 12
0 -2.135050773620605 16.61331176757812 0.8541533350944519 0.4664464890956879 0.4764257669448853 12
0 -2.772969961166382 16.20829963684082 1.827584147453308 0.46331986784935 0.4759259819984436 12
0 -2.68416690826416 15.3602294921875 2.103945255279541 0.4614992737770081 0.4753093123435974 12
0 -2.171221017837524 15.41361713409424 2.599563598632812 0.4606941938400269 0.4766475558280945 12
0 -2.810932636260986 15.57527828216553 2.399327993392944 0.4617909491062164 0.4758915901184082 12
0 -2.222640752792358 15.14358329772949 2.225313901901245 0.4603477716445923 0.4754684567451477 12
0 -1.741430282592773 15.25517082214355 2.050222396850586 0.520477831363678 0.4753022193908691 12
0 -2.171221017837524 15.41361713409424 2.599563598632812 0.5212748646736145 0.4766682386398315 12
0 -2.222640752792358 15.14358329772949 2.225313901901245 0.521639883518219 0.4754794239997864 12
0 -1.538238167762756 15.43344974517822 2.326802253723145 0.5201746821403503 0.4758882522583008 8
0 -1.670237183570862 15.78966045379639 2.254298448562622 0.5197224617004395 0.4763696193695068 12
0 -2.126529932022095 15.86514472961426 2.500816583633423 0.5202789902687073 0.4774143695831299 12
0 -2.612973690032959 15.89471912384033 2.308021306991577 0.4622308313846588 0.4763731360435486 12
0 -2.126529932022095 15.86514472961426 2.500816583633423 0.4616731405258179 0.4773980975151062 12
112
-0.5376142263412476 -0.5734279751777649 0.6181838512420654
-7.472898141713813e-05 -0.1801767349243164 0.9836342334747314
-0.6470257043838501 -0.2260679006576538 0.728183388710022
0 -0.9998368620872498 -0.01806384138762951
1.660771047672729e-17 -0.6838536858558655 0.7296191453933716
-0.9865623116493225 -0.1633362770080566 -0.004002907779067755
-0.69112229347229 -0.7225470542907715 -0.01660393178462982
-0.6613689661026001 0.007297659758478403 0.75002521276474
-0.0003092832921538502 -0.04855035617947578 0.9988206624984741
-0.002252583159133792 -0.1632561683654785 0.9865811467170715
-0.6675860285758972 -0.03815880790352821 0.7435541749000549
-0.9602028727531433 0.2622706592082977 0.09604420512914658
-0.9855878949165344 0.167400449514389 0.02436293847858906
0.6444331407546997 0.09920002520084381 0.7581986784934998
-7.472898141713813e-05 -0.1801767349243164 0.9836342334747314
0.6490468978881836 -0.2063900679349899 0.7322167158126831
0.9909498691558838 -0.1342246532440186 -0.001466290443204343
0.9565914869308472 0.2885271310806274 0.04104669392108917
-0.002252583159133792 -0.1632561683654785 0.9865811467170715
-0.0003092832921538502 -0.04855035617947578 0.9988206624984741
0.880247950553894 0.4473189413547516 0.1583328992128372
0.6210200786590576 0.1348275989294052 0.7721111178398132
0.5376142263412476 -0.5734279751777649 0.6181838512420654
1.660771047672729e-17 -0.6838536858558655 0.7296191453933716
0 -0.9998368620872498 -0.01806384138762951
0.69112229347229 -0.7225470542907715 -0.01660393178462982
-0.5327452421188354 -0.5537146925926208 -0.6399863362312317
-7.560349331470206e-05 -0.07908009737730026 -0.9968682527542114
-1.496056722964637e-16 -0.6639859080314636 -0.7477450966835022
-0.6497687101364136 -0.1486027538776398 -0.7454648613929749
-0.6601794958114624 0.2998678684234619 -0.6886525750160217
-0.002706541214138269 0.6444701552391052 -0.7646246552467346
-0.001224696636199951 0.3412302434444427 -0.9399789571762085
-0.6419957280158997 0.5423356890678406 -0.5419533848762512
0.6447712779045105 0.3729104995727539 -0.6672388911247253
0.6515326499938965 -0.1305130124092102 -0.7473095655441284
-7.560349331470206e-05 -0.07908009737730026 -0.9968682527542114
0.5993835926055908 0.6391077637672424 -0.4819549918174744
0.5327452421188354 -0.5537146925926208 -0.6399863362312317
-1.496056722964637e-16 -0.6639859080314636 -0.7477450966835022
-0.6999140381813049 -0.2889532446861267 0.6531664133071899
-0.002404030412435532 -0.4733373820781708 0.8808779120445251
-0.003023851430043578 -0.8493959307670593 0.5277474522590637
-0.6919693350791931 -0.6114879846572876 0.3837458789348602
-0.9954404830932617 0.0709112286567688 0.06379555910825729
-0.9701040387153625 0.1999156624078751 0.137593075633049
0.6753385663032532 -0.1588835865259171 0.7201901078224182
0.9132784605026245 0.3357006013393402 0.2307108640670776
-0.003023851430043578 -0.8493959307670593 0.5277474522590637
-0.002404030412435532 -0.4733373820781708 0.8808779120445251
0.9874028563499451 0.113200731575489 0.1105494126677513
0.693958580493927 -0.5800641775131226 0.4265525639057159
0.6176434755325317 0.7344925999641418 -0.2811354100704193
-0.002453838940709829 0.8451693058013916 -0.534493088722229
0.002299107378348708 0.9767363667488098 -0.2144312411546707
0.6465510725975037 0.7533321976661682 -0.1202594563364983
-0.6566787958145142 0.6679849028587341 -0.3500987887382507
0.002299107378348708 0.9767363667488098 -0.2144312411546707
-0.002453838940709829 0.8451693058013916 -0.534493088722229
-0.6570680141448975 0.7382428646087646 -0.1525093168020248
-0.6262549161911011 -0.7795179486274719 0.01251309830695391
-0.0130270728841424 -0.999035656452179 0.04192910343408585
-0.06259237229824066 -0.947653591632843 -0.3131052553653717
-0.6105098128318787 -0.756725013256073 -0.2337627708911896
-0.9979734420776367 0.06362831592559814 0.0006862824666313827
-0.9998935461044312 0.01335258036851883 -0.005880069453269243
0.5891253352165222 -0.8080368638038635 0.002797191729769111
0.9998801946640015 -0.01257670298218727 0.009026496671140194
-0.06259237229824066 -0.947653591632843 -0.3131052553653717
-0.0130270728841424 -0.999035656452179 0.04192910343408585
0.9978762269020081 -0.06203069537878036 -0.01988046430051327
0.5032413005828857 -0.8184581398963928 -0.2772625088691711
0.6078805923461914 0.7915147542953491 0.06313145160675049
0.01455341000109911 0.997162401676178 0.07386007905006409
0.06061778217554092 0.9673377871513367 0.2461363077163696
0.6136240363121033 0.7597718238830566 0.2149703949689865
-0.5749000906944275 0.8169949054718018 0.04482342302799225
0.06061778217554092 0.9673377871513367 0.2461363077163696
0.01455341000109911 0.997162401676178 0.07386007905006409
-0.5101668238639832 0.836827278137207 0.1986201256513596
-0.6573489308357239 -0.6983852982521057 -0.2831083238124847
-0.1085773780941963 -0.9127640724182129 -0.3937927782535553
-0.1178927198052406 -0.9565427303314209 -0.266696959733963
-0.6752104163169861 -0.7293010354042053 -0.1105027720332146
-0.9786575436592102 0.0510297566652298 0.1990611851215363
-0.9938263297080994 0.1044042110443115 0.0375373587012291
0.4895115196704865 -0.8024402260780334 -0.3412743210792542
0.9937849044799805 -0.1038436591625214 -0.04010006040334702
-0.1178927198052406 -0.9565427303314209 -0.266696959733963
-0.1085773780941963 -0.9127640724182129 -0.3937927782535553
0.981737494468689 -0.1641807854175568 0.09610474109649658
0.4820670187473297 -0.8578560948371887 -0.1780290156602859
0.6586571931838989 0.7077239751815796 0.2555337250232697
0.1078270673751831 0.9411609768867493 0.3202957212924957
0.1203683763742447 0.890643298625946 0.438481479883194
0.6788458824157715 0.6207892298698425 0.3921593725681305
-0.4937636256217957 0.8228265047073364 0.2813433110713959
0.1203683763742447 0.890643298625946 0.438481479883194
0.1078270673751831 0.9411609768867493 0.3202957212924957
-0.4784959256649017 0.7541710734367371 0.4497417509555817
-0.5854849815368652 -0.7920039892196655 0.1730231195688248
0.01328009180724621 -0.3582104444503784 0.9335464239120483
-0.7362629175186157 -0.153562605381012 0.6590412855148315
-0.09692489355802536 -0.9741333723068237 0.2041317075490952
0.41303950548172 -0.903279721736908 0.1161211729049683
0.01328009180724621 -0.3582104444503784 0.9335464239120483
-0.09692489355802536 -0.9741333723068237 0.2041317075490952
0.7538052797317505 -0.3196159899234772 0.5741282105445862
0.5971038341522217 0.4786028861999512 0.6437439918518066
0.1112202182412148 0.5885384678840637 0.8007824420928955
-0.4014206528663635 0.5898785591125488 0.700645923614502
0.1112202182412148 0.5885384678840637 0.8007824420928955
176
0 0 1 2 0 1 2 1
0 0 3 4 0 3 4 1
0 0 5 6 0 5 6 1
0 7 1 8 7 1 8 1
0 7 5 2 7 5 2 1
0 7 9 10 7 9 10 1
0 7 11 12 7 11 12 1
0 13 14 15 13 14 15 1
0 13 16 17 13 16 17 1
0 13 18 19 13 18 19 1
0 13 20 21 13 20 21 1
0 22 14 23 22 14 23 1
0 22 16 15 22 16 15 1
0 22 24 25 22 24 25 1
0 26 3 6 26 3 6 1
0 26 27 28 26 27 28 1
0 26 5 29 26 5 29 1
0 30 27 29 30 27 29 1
0 30 5 12 30 5 12 1
0 30 31 32 30 31 32 1
0 30 11 33 30 11 33 1
0 34 16 35 34 16 35 1
0 34 36 32 34 36 32 1
0 34 20 17 34 20 17 1
0 34 31 37 34 31 37 1
0 38 16 25 38 16 25 1
0 38 24 39 38 24 39 1
0 38 36 35 38 36 35 1
0 40 9 41 40 9 41 1
0 40 11 10 40 11 10 1
0 40 42 43 40 42 43 1
0 40 44 45 40 44 45 1
0 46 18 21 46 18 21 1
0 46 20 47 46 20 47 1
0 46 48 49 46 48 49 1
0 46 50 51 46 50 51 1
0 52 20 37 52 20 37 1
0 52 31 53 52 31 53 1
0 52 50 47 52 50 47 1
0 52 54 55 52 54 55 1
0 56 31 33 56 31 33 1
0 56 11 45 56 11 45 1
0 56 57 58 56 57 58 1
0 56 44 59 56 44 59 1
0 60 42 61 60 42 61 1
0 60 44 43 60 44 43 1
0 60 62 63 60 62 63 1
0 60 64 65 60 64 65 1
0 66 48 51 66 48 51 1
0 66 50 67 66 50 67 1
0 66 68 69 66 68 69 1
0 66 70 71 66 70 71 1
0 72 50 55 72 50 55 1
0 72 54 73 72 54 73 1
0 72 70 67 72 70 67 1
0 72 74 75 72 74 75 1
0 76 57 59 76 57 59 1
0 76 44 65 76 44 65 1
0 76 77 78 76 77 78 1
0 76 64 79 76 64 79 1
0 80 62 81 80 62 81 1
0 80 64 63 80 64 63 1
0 80 82 83 80 82 83 1
0 80 84 85 80 84 85 1
0 86 68 71 86 68 71 1
0 86 70 87 86 70 87 1
0 86 88 89 86 88 89 1
0 86 90 91 86 90 91 1
0 92 70 75 92 70 75 1
0 92 74 93 92 74 93 1
0 92 90 87 92 90 87 1
0 92 94 95 92 94 95 1
0 96 77 79 96 77 79 1
0 96 64 85 96 64 85 1
0 96 97 98 96 97 98 1
0 96 84 99 96 84 99 1
0 100 101 102 100 101 102 1
0 100 82 103 100 82 103 1
0 100 84 83 100 84 83 1
0 104 105 106 104 105 106 1
0 104 88 91 104 88 91 1
0 104 90 107 104 90 107 1
0 108 105 107 108 105 107 1
0 108 90 95 108 90 95 1
0 108 94 109 108 94 109 1
0 110 101 111 110 101 111 1
0 110 97 99 110 97 99 1
0 110 84 102 110 84 102 1
0 2 1 7 2 1 7 1
0 2 5 0 2 5 0 1
0 4 1 0 4 1 0 1
0 23 24 22 23 24 22 1
0 6 3 0 6 3 0 1
0 6 5 26 6 5 26 1
0 19 14 13 19 14 13 1
0 8 9 7 8 9 7 1
0 12 5 7 12 5 7 1
0 12 11 30 12 11 30 1
0 15 14 22 15 14 22 1
0 15 16 13 15 16 13 1
0 17 16 34 17 16 34 1
0 17 20 13 17 20 13 1
0 25 16 22 25 16 22 1
0 25 24 38 25 24 38 1
0 29 27 26 29 27 26 1
0 29 5 30 29 5 30 1
0 28 3 26 28 3 26 1
0 39 36 38 39 36 38 1
0 32 27 30 32 27 30 1
0 32 31 34 32 31 34 1
0 35 16 38 35 16 38 1
0 35 36 34 35 36 34 1
0 49 18 46 49 18 46 1
0 41 42 40 41 42 40 1
0 10 9 40 10 9 40 1
0 10 11 7 10 11 7 1
0 47 20 52 47 20 52 1
0 47 50 46 47 50 46 1
0 21 18 13 21 18 13 1
0 21 20 46 21 20 46 1
0 58 31 56 58 31 56 1
0 53 54 52 53 54 52 1
0 37 20 34 37 20 34 1
0 37 31 52 37 31 52 1
0 45 11 40 45 11 40 1
0 45 44 56 45 44 56 1
0 33 31 30 33 31 30 1
0 33 11 56 33 11 56 1
0 69 48 66 69 48 66 1
0 61 62 60 61 62 60 1
0 43 42 60 43 42 60 1
0 43 44 40 43 44 40 1
0 67 50 72 67 50 72 1
0 67 70 66 67 70 66 1
0 51 48 46 51 48 46 1
0 51 50 66 51 50 66 1
0 78 57 76 78 57 76 1
0 73 74 72 73 74 72 1
0 55 50 52 55 50 52 1
0 55 54 72 55 54 72 1
0 65 44 60 65 44 60 1
0 65 64 76 65 64 76 1
0 59 57 56 59 57 56 1
0 59 44 76 59 44 76 1
0 89 68 86 89 68 86 1
0 81 82 80 81 82 80 1
0 63 62 80 63 62 80 1
0 63 64 60 63 64 60 1
0 87 70 92 87 70 92 1
0 87 90 86 87 90 86 1
0 71 68 66 71 68 66 1
0 71 70 86 71 70 86 1
0 98 77 96 98 77 96 1
0 93 94 92 93 94 92 1
0 75 70 72 75 70 72 1
0 75 74 92 75 74 92 1
0 85 64 80 85 64 80 1
0 85 84 96 85 84 96 1
0 79 77 76 79 77 76 1
0 79 64 96 79 64 96 1
0 103 101 100 103 101 100 1
0 106 88 104 106 88 104 1
0 83 82 100 83 82 100 1
0 83 84 80 83 84 80 1
0 107 105 104 107 105 104 1
0 107 90 108 107 90 108 1
0 91 88 86 91 88 86 1
0 91 90 104 91 90 104 1
0 109 105 108 109 105 108 1
0 111 97 110 111 97 110 1
0 95 90 92 95 90 92 1
0 95 94 108 95 94 108 1
0 102 101 110 102 101 110 1
0 102 84 100 102 84 100 1
0 99 97 96 99 97 96 1
0 99 84 110 99 84 110 1
Materials: 1
"Material0"
0.200000 0.200000 0.200000 1.000000
0.800000 0.800000 0.800000 1.000000
0.000000 0.000000 0.000000 1.000000
0.000000 0.000000 0.000000 1.000000
0.000000
1.000000
"C:/meshes/man_lp2.bmp"
""
Bones: 16
"Joint1"
""
0 -0.09310222417116165 12.87200450897217 0 0 -0 0
10
1 0 0 0
5 0 -0.2038145065307617 0.1801675260066986
10 0 -0.2038145065307617 0.1801675260066986
15 0 -0.2038145065307617 0.1801675260066986
20 0 -0.2038145065307617 0.1801675260066986
25 0 -0.2038145065307617 0.1801675260066986
30 0 -0.2038145065307617 0.1801675260066986
35 0 -0.2038145065307617 0.1801675260066986
40 0 -0.2038145065307617 0.1801675260066986
45 0 0 0
10
1 0 -0 0
5 0.2271320372819901 -0.0003796576056629419 -4.287965202820487e-05
10 0.2271320372819901 -0.0003796576056629419 -4.287965202820487e-05
15 0.2271320372819901 -0.0003796576056629419 -4.287965202820487e-05
20 0.2271320372819901 -0.0003796576056629419 -4.287965202820487e-05
25 0.2271320372819901 -0.0003796576056629419 -4.287965202820487e-05
30 0.2271320372819901 -0.0003796576056629419 -4.287965202820487e-05
35 0.2271320372819901 -0.0003796576056629419 -4.287965202820487e-05
40 0.2271320372819901 -0.0003796576056629419 -4.287965202820487e-05
45 0 -0 0
"Joint2"
"Joint1"
0 0.07551553100347519 -3.545994758605957 0 0 -0 0
10
1 0 0 0
5 0 0 0
10 0 0 0
15 0 0 0
20 0 0 0
25 0 0 0
30 0 0 0
35 0 0 0
40 0 0 0
45 0 0 0
10
1 0 -0 0
5 0 -0 0
10 0 -0 0
15 0 -0 0
20 0 -0 0
25 0 -0 0
30 0 -0 0
35 0 -0 0
40 0 -0 0
45 0 -0 0
"Joint3"
"Joint2"
0 -1.434795141220093 -0.8299131393432617 0 0 -0 0
10
1 0 0 0
5 0 0 0
10 0 0 0
15 0 0 0
20 0 0 0
25 0 0 0
30 0 0 0
35 0 0 0
40 0 0 0
45 0 0 0
10
1 0 -0 0
5 -0.3795273005962372 -0.04885599389672279 0.007754816208034754
10 -0.2352770119905472 -0.04699421674013138 -0.0001122044050134718
15 -0.6803277730941772 -0.04504402354359627 0.0528656393289566
20 -1.409770607948303 0.009155649691820145 0.1066431477665901
25 -0.6385857462882996 -0.0712687149643898 0.02187584713101387
30 -0.3667121827602386 -0.07075534760951996 0.0004245494201313704
35 -0.4568752348423004 -0.07213378697633743 0.01249507069587708
40 -1.282830119132996 -0.04944098740816116 0.0808999240398407
45 0 -0 0
"Joint4"
"Joint3"
0 0.1510311365127563 -3.093314647674561 0 0 -0 0
10
1 0 0 0
5 0 0 0
10 0 0 0
15 0 0 0
20 0 0 0
25 0 0 0
30 0 0 0
35 0 0 0
40 0 0 0
45 0 0 0
10
1 0 -0 0
5 0.173375129699707 0.1097253784537315 0.04165415465831757
10 0.4536325931549072 0.09879029542207718 0.05773536488413811
15 1.284286618232727 0.08949366211891174 0.04726240038871765
20 1.068499565124512 0.1549708694219589 0.03976445645093918
25 0.2210128456354141 0.1456381976604462 0.06853000074625015
30 0.5733684301376343 0.1274880021810532 0.09431825578212738
35 1.136925101280212 0.08969654887914658 0.113199345767498
40 1.353987097740173 0.08619033545255661 0.1144534572958946
45 0 -0 0
"Joint5"
"Joint4"
0 -0.0755155086517334 -3.847781658172607 0 0 -0 0
10
1 0 0 0
5 0 0 0
10 0 0 0
15 0 0 0
20 0 0 0
25 0 0 0
30 0 0 0
35 0 0 0
40 0 0 0
45 0 0 0
10
1 0 -0 0
5 0 -0 0
10 0 -0 0
15 0 -0 0
20 0 -0 0
25 0 -0 0
30 0 -0 0
35 0 -0 0
40 0 -0 0
45 0 -0 0
"Joint6"
"Joint2"
0 1.58582615852356 -0.5281267166137695 0 0 -0 0
10
1 0 0 0
5 0 0 0
10 0 0 0
15 0 0 0
20 0 0 0
25 0 0 0
30 0 0 0
35 0 0 0
40 0 0 0
45 0 0 0
10
1 0 -0 0
5 -0.3225257098674774 0.05740202218294144 0.02055949904024601
10 -1.102444767951965 0.042191032320261 -0.06801193952560425
15 -0.7715775370597839 0.0742681697010994 -0.01498381700366735
20 -0.2499054819345474 0.06541671603918076 0.03614190593361855
25 -0.2868376970291138 0.06736423075199127 0.03028130903840065
30 -1.037271976470947 0.08040646463632584 -0.03518887236714363
35 -0.7887090444564819 0.08720394968986511 -0.006907726172357798
40 -0.5216113328933716 0.0847131758928299 0.01908052340149879
45 0 -0 0
"Joint7"
"Joint6"
0 -0.2265465259552002 -3.31965446472168 0 0 -0 0
10
1 0 0 0
5 0 0 0
10 0 0 0
15 0 0 0
20 0 0 0
25 0 0 0
30 0 0 0
35 0 0 0
40 0 0 0
45 0 0 0
10
1 0 -0 0
5 0.1183959171175957 -0.05242253467440605 -0.03438867628574371
10 0.65263432264328 -0.1018799394369125 0.01447733491659164
15 0.21710304915905 -0.06904405355453491 -0.0269316527992487
20 0.2754356861114502 -0.06531700491905212 -0.04041540250182152
25 0.9077169895172119 -0.07526803016662598 -0.04771013930439949
30 1.208505988121033 -0.08504147082567215 -0.05285098776221275
35 0.2743755578994751 -0.06911399960517883 -0.04384783282876015
40 0.4064086377620697 -0.07113519310951233 -0.04601354151964188
45 0 -0 0
"Joint8"
"Joint7"
0 -0.0755155086517334 -3.772335052490234 0 0 -0 0
10
1 0 0 0
5 0 0 0
10 0 0 0
15 0 0 0
20 0 0 0
25 0 0 0
30 0 0 0
35 0 0 0
40 0 0 0
45 0 0 0
10
1 0 -0 0
5 0 -0 0
10 0 -0 0
15 0 -0 0
20 0 -0 0
25 0 -0 0
30 0 -0 0
35 0 -0 0
40 0 -0 0
45 0 -0 0
"Joint9"
"Joint1"
0 0.07551553100347519 3.470547676086426 0 0 -0 0
10
1 0 0 0
5 0 0 0
10 0 0 0
15 0 0 0
20 0 0 0
25 0 0 0
30 0 0 0
35 0 0 0
40 0 0 0
45 0 0 0
10
1 0 -0 0
5 0.1135405972599983 0.0002351544389966875 0.0002005704882321879
10 0.1135405972599983 0.0002351544389966875 0.0002005704882321879
15 0.1135405972599983 0.0002351544389966875 0.0002005704882321879
20 0.1135405972599983 0.0002351544389966875 0.0002005704882321879
25 0.1135405972599983 0.0002351544389966875 0.0002005704882321879
30 0.1135405972599983 0.0002351544389966875 0.0002005704882321879
35 0.1135405972599983 0.0002351544389966875 0.0002005704882321879
40 0.1135405972599983 0.0002351544389966875 0.0002005704882321879
45 0 -0 0
"Joint10"
"Joint9"
0 3.775776624679565 -1.584380149841309 0 0 -0 0
10
1 0 0 0
5 0 0 0
10 0 0 0
15 0 0 0
20 0 0 0
25 0 0 0
30 0 0 0
35 0 0 0
40 0 0 0
45 0 0 0
10
1 0 -0 0
5 0 -0 0
10 0.6248183250427246 -0.008295559324324131 0.1939455270767212
15 0.348486602306366 0.02828724682331085 0.1099074482917786
20 0.01806820370256901 0.03877006471157074 0.05703243613243103
25 -0.2239864021539688 0.01559568755328655 -0.003047033213078976
30 0.3820784986019135 0.02154899947345257 0.267638772726059
35 0.1528368592262268 0.05202332884073257 0.1666612774133682
40 -0.07091239839792252 0.05562148243188858 0.1036738529801369
45 0 -0 0
"Joint11"
"Joint10"
0 0.1510310173034668 -2.79152774810791 0 0 -0 0
10
1 0 0 0
5 0 0 0
10 0 0 0
15 0 0 0
20 0 0 0
25 0 0 0
30 0 0 0
35 0 0 0
40 0 0 0
45 0 0 0
10
1 0 -0 0
5 0 -0 0
10 -1.177828669548035 -0.2655750811100006 -0.2020518034696579
15 -0.8891858458518982 -0.1514667868614197 -0.1196711286902428
20 -0.9755483865737915 -0.08297980576753616 -0.06351109594106674
25 -0.1659983545541763 -0.04311031103134155 0.02085916697978973
30 -0.8212472200393677 -0.2906116247177124 -0.3513882458209991
35 -0.6927024722099304 -0.1699019223451614 -0.2195113450288773
40 -0.6398868560791016 -0.0961700901389122 -0.1351586431264877
45 0 -0 0
"Joint12"
"Joint11"
0 -0.0755155086517334 -3.093314170837402 0 0 -0 0
10
1 0 0 0
5 0 0 0
10 0 0 0
15 0 0 0
20 0 0 0
25 0 0 0
30 0 0 0
35 0 0 0
40 0 0 0
45 0 0 0
10
1 0 -0 0
5 0 -0 0
10 0 -0 0
15 0 -0 0
20 0 -0 0
25 0 -0 0
30 0 -0 0
35 0 -0 0
40 0 -0 0
45 0 -0 0
"Joint13"
"Joint9"
0 -3.775776624679565 -1.207146644592285 0 0 -0 0
10
1 0 0 0
5 0 0 0
10 0 0 0
15 0 0 0
20 0 0 0
25 0 0 0
30 0 0 0
35 0 0 0
40 0 0 0
45 0 0 0
10
1 0 -0 0
5 0 -0 0
10 0.1081648170948029 -0.00767964543774724 0.002421258483082056
15 0.1081648170948029 -0.00767964543774724 0.002421258483082056
20 0.1081648170948029 -0.00767964543774724 0.002421258483082056
25 0.1081648170948029 -0.00767964543774724 0.002421258483082056
30 0.1081648170948029 -0.00767964543774724 0.002421258483082056
35 0.1081648170948029 -0.00767964543774724 0.002421258483082056
40 0.1081648170948029 -0.00767964543774724 0.002421258483082056
45 0 -0 0
"Joint14"
"Joint13"
0 -0.2265465259552002 -2.866974830627441 0 0 -0 0
10
1 0 0 0
5 0 0 0
10 0 0 0
15 0 0 0
20 0 0 0
25 0 0 0
30 0 0 0
35 0 0 0
40 0 0 0
45 0 0 0
10
1 0 -0 0
5 0 -0 0
10 0 -0 0
15 0 -0 0
20 0 -0 0
25 0 -0 0
30 0 -0 0
35 0 -0 0
40 0 -0 0
45 0 -0 0
"Joint15"
"Joint9"
0 -0.07551553100347519 1.508934020996094 0 0 -0 0
10
1 0 0 0
5 0 0 0
10 0 0 0
15 0 0 0
20 0 0 0
25 0 0 0
30 0 0 0
35 0 0 0
40 0 0 0
45 0 0 0
10
1 0 -0 0
5 0.1221251785755157 -0.005588644649833441 0.000172595217009075
10 0.1221251785755157 -0.005588644649833441 0.000172595217009075
15 0.1221251785755157 -0.005588644649833441 0.000172595217009075
20 0.1221251785755157 -0.005588644649833441 0.000172595217009075
25 0.1221251785755157 -0.005588644649833441 0.000172595217009075
30 0.1221251785755157 -0.005588644649833441 0.000172595217009075
35 0.1221251785755157 -0.005588644649833441 0.000172595217009075
40 0.1221251785755157 -0.005588644649833441 0.000172595217009075
45 0 -0 0
"Joint16"
"Joint15"
0 0.06615859270095825 1.721279144287109 0 0 -0 0
10
1 0 0 0
5 0 0 0
10 0 0 0
15 0 0 0
20 0 0 0
25 0 0 0
30 0 0 0
35 0 0 0
40 0 0 0
45 0 0 0
10
1 0 -0 0
5 0 -0 0
10 0 -0 0
15 0 -0 0
20 0 -0 0
25 0 -0 0
30 0 -0 0
35 0 -0 0
40 0 -0 0
45 0 -0 0
