// MilkShape 3D ASCII

Frames: 35
Frame: 20

Meshes: 2
"Mesh" 0 0
278
0 -0.8153661489486694 16.87553215026855 0.06914021074771881 0.216217964887619 0.3518354892730713 -1
0 0.8235929608345032 16.87553215026855 0.06914021074771881 0.2541677951812744 0.3536760807037354 -1
0 -0.6154932379722595 17.33477973937988 -0.006455250550061464 0.2146853655576706 0.3234931826591492 -1
0 -1.144686937332153 15.53571319580078 1.582242846488953 0.2070140242576599 0.4157073497772217 -1
0 -1.088526010513306 16.9102954864502 -0.6182928085327148 0.2002373188734055 0.3410294055938721 -1
0 0.8302555680274963 17.33477973937988 -0.6260618567466736 0.2705937027931213 0.3242189288139343 -1
0 0.6237199902534485 17.33477973937988 -0.006455250550061464 0.2526272833347321 0.3236669301986694 -1
0 3.039697647094727 16.11730194091797 -0.5198883414268494 0.3118332326412201 0.3538090586662292 -1
0 1.096752762794495 16.9102954864502 -0.6182928085327148 0.2684010565280914 0.3414177298545837 -1
0 0.8235929608345032 16.92819976806641 -1.307869791984558 0.7052408456802368 0.3521305918693542 -1
0 0.8302555680274963 17.33477973937988 -0.6260618567466736 0.6857873201370239 0.3214167356491089 -1
0 1.096752762794495 16.9102954864502 -0.6182928085327148 0.6850878596305847 0.3483479022979736 -1
0 0.00411340082064271 16.92819976806641 -1.307869791984558 0.731031596660614 0.3525853753089905 -1
0 0.6237199902534485 17.33477973937988 -1.245668530464172 0.7100244760513306 0.314803421497345 -1
0 -0.8153661489486694 16.92819976806641 -1.307869791984558 0.7568222880363464 0.3530401587486267 -1
0 -1.088526010513306 16.9102954864502 -0.6182928085327148 0.7757117748260498 0.3487212061882019 -1
0 -0.6154932379722595 17.33477973937988 -1.245668530464172 0.7513232827186584 0.3160867691040039 -1
0 -1.414984941482544 16.57068252563477 -1.494473934173584 0.7628258466720581 0.3914085626602173 -1
0 -0.9245798587799072 18.3293342590332 0.4901559352874756 0.6479650735855103 0.2513540983200073 -1
0 -1.183048844337463 19.3415355682373 0.2740235924720764 0.6385501623153687 0.2104672193527222 -1
0 -1.305582165718079 18.3293342590332 -0.6260618567466736 0.5884846448898315 0.2448461055755615 -1
0 0.00411340082064271 17.90151596069336 0.5784507393836975 0.7057695388793945 0.2779663801193237 -1
0 0.00411340082064271 18.3293342590332 0.8622285723686218 0.7055181860923767 0.2494279742240906 -1
0 0.00411340082064271 19.3415355682373 0.9568211436271667 0.7054411172866821 0.2149245142936707 -1
0 0.9328066110610962 18.3293342590332 0.4901559352874756 0.7606757283210754 0.2522040605545044 -1
0 1.313809037208557 18.3293342590332 -0.6260618567466736 0.837252140045166 0.246479332447052 -1
0 1.191275715827942 19.3415355682373 0.2740235924720764 0.7750041484832764 0.2149387001991272 -1
0 1.064084529876709 17.90151596069336 -0.6260618567466736 0.8240257501602173 0.2796784043312073 -1
0 1.321688532829285 18.24350166320801 -1.943637013435364 0.9102431535720825 0.2291324138641357 -1
0 0.4696932137012482 19.38907051086426 -2.334691762924194 0.9440894722938538 0.161219596862793 -1
0 1.400852918624878 19.37297821044922 -2.022801399230957 0.8897573947906494 0.1752496361732483 -1
0 0.00411340082064271 19.38907051086426 -2.334691762924194 0.9814691543579102 0.1700500249862671 -1
0 0.00411340082064271 17.90151596069336 -1.529446363449097 0.9695562124252319 0.2661856412887573 -1
0 0.00411340082064271 18.24350166320801 -1.943637013435364 0.9729169607162476 0.2411625981330872 -1
0 -1.313461780548096 18.24350166320801 -1.943637013435364 0.5303970575332642 0.2206852436065674 -1
0 -1.564170837402344 19.35852813720703 -0.5945858955383301 0.5962740182876587 0.1880384087562561 -1
0 -1.392626047134399 19.37297821044922 -2.022801399230957 0.5418987274169922 0.1667028665542603 -1
0 0.00411340082064271 19.38907051086426 -2.334691762924194 0.4602711796760559 0.1727127432823181 -1
0 0.00411340082064271 18.24350166320801 -1.943637013435364 0.4760019183158875 0.2470841407775879 -1
0 0.00411340082064271 17.90151596069336 -1.529446363449097 0.473493903875351 0.2657580375671387 -1
0 -0.8992710709571838 17.90151596069336 -1.529446363449097 0.5356990098953247 0.2663273215293884 -1
0 -1.054148435592651 20.27260208129883 0.322816789150238 0.6445448994636536 0.1502130627632141 -1
0 -1.029157519340515 19.70386695861816 0.5706281065940857 0.6507081389427185 0.1840347051620483 -1
0 0.00411340082064271 20.55184364318848 0.7317888140678406 0.7049920558929443 0.1347591876983643 -1
0 -0.4577183127403259 20.80413436889648 -0.6273359060287476 0.6373058557510376 0.09058815240859985 -1
0 -1.381381750106812 20.54399108886719 -0.6298839449882507 0.6058717370033264 0.1316662430763245 -1
0 1.06237530708313 20.27260208129883 0.322816789150238 0.7602033019065857 0.1502830386161804 -1
0 1.572397589683533 19.35852813720703 -0.5945858955383301 0.8296425342559814 0.191423237323761 -1
0 1.389608502388 20.54399108886719 -0.6298839449882507 0.8211960196495056 0.1382238864898682 -1
0 1.037384271621704 19.70386695861816 0.5706281065940857 0.7597029209136963 0.1912381649017334 -1
0 0.4659451246261597 20.80413436889648 -0.6273359060287476 0.7743180990219116 0.08828049898147583 -1
0 1.039733529090881 20.25147438049316 -1.66168200969696 0.8631948232650757 0.1321180462837219 -1
0 0.3493201434612274 20.4450855255127 -1.896630764007568 0.8837997317314148 0.08557599782943726 -1
0 -1.031506776809692 20.25147438049316 -1.66168200969696 0.564271867275238 0.1258336901664734 -1
0 -0.3410933315753937 20.4450855255127 -1.896630764007568 0.5542917251586914 0.09663146734237671 -1
0 1.726323366165161 0.1675339490175247 -1.512195348739624 0.6482400894165039 0.9302788078784943 6
0 2.121455669403076 0.8324458599090576 -0.5785433053970337 0.636296272277832 0.8915534988045692 6
0 1.953784704208374 0.1675339490175247 -0.5781104564666748 0.6304556131362915 0.9312683865427971 6
0 0.9739184975624084 0.1443599164485931 -1.521677494049072 0.6649194955825806 0.9317781254649162 6
0 1.877803802490234 0.8629911541938782 -1.499669909477234 0.6535736322402954 0.8870379999279976 6
0 -2.808567523956299 16.3765983581543 -0.5163162350654602 0.1585781574249268 0.3555692434310913 -1
0 1.012785196304321 12.72465705871582 1.236590027809143 0.2583952248096466 0.5079718232154846 -1
0 1.189452886581421 15.53571319580078 1.582242846488953 0.2625389993190765 0.4198122024536133 -1
0 -2.896398544311523 14.53179264068604 1.062169313430786 0.1548426002264023 0.4238321781158447 -1
0 -1.004558444023132 12.72465705871582 1.236590027809143 0.2086408734321594 0.5037330687046051 -1
0 -1.474946618080139 16.11281394958496 -2.235256433486938 0.7618123888969421 0.4152947068214417 -1
0 1.483173370361328 16.11281394958496 -2.235256433486938 0.7007600069046021 0.4139350652694702 -1
0 0.00411340082064271 12.977463722229 -2.703876972198486 0.729792594909668 0.5010189712047577 -1
0 -1.967966556549072 15.22399711608887 -2.589259147644043 0.772118091583252 0.4404506087303162 -1
0 -2.728498935699463 15.40664958953857 -2.17006516456604 0.8002213835716248 0.4308875203132629 -1
0 1.423211693763733 16.57068252563477 -1.494473934173584 0.7000012397766113 0.3906388282775879 -1
0 3.039697647094727 16.11730194091797 -0.5198883414268494 0.6470390558242798 0.3850548267364502 -1
0 -2.808567523956299 16.3765983581543 -0.5163162350654602 0.8055771589279175 0.3756531476974487 -1
0 -0.6154932379722595 17.33477973937988 -0.006455250550061464 0.6591764092445374 0.3080125451087952 -1
0 -1.05585765838623 17.90151596069336 -0.6260618567466736 0.6032750606536865 0.2799343466758728 -1
0 -0.8220287561416626 17.33477973937988 -0.6260618567466736 0.5791278481483459 0.3074479699134827 -1
0 0.6237199902534485 17.33477973937988 -0.006455250550061464 0.751081109046936 0.3084334135055542 -1
0 0.00411340082064271 17.33477973937988 -1.245668530464172 0.7306738495826721 0.3154451251029968 -1
0 0.6237199902534485 17.33477973937988 -1.245668530464172 0.911263644695282 0.3055346608161926 -1
0 0.9074978232383728 17.90151596069336 -1.529446363449097 0.9025557041168213 0.2646070122718811 -1
0 -0.8220287561416626 17.33477973937988 -0.6260618567466736 0.7727360129356384 0.3229319453239441 -1
0 -0.6154932379722595 17.33477973937988 -1.245668530464172 0.5216764807701111 0.2986363172531128 -1
0 0.00411340082064271 17.33477973937988 -1.245668530464172 0.4994185566902161 0.2979446649551392 -1
0 0.8302555680274963 17.33477973937988 -0.6260618567466736 0.8354280591011047 0.3124286532402039 -1
0 -0.4614664316177368 19.38907051086426 -2.334691762924194 0.50361168384552 0.1569861769676208 -1
0 -2.773144721984863 13.80004692077637 -1.730929851531982 0.8157709836959839 0.4742725491523743 -1
0 -2.140928745269775 10.94419574737549 -0.7483975887298584 0.7990382313728333 0.5690094232559204 -1
0 -2.874726057052612 13.13987350463867 -0.3267992436885834 0.8320256471633911 0.5106814801692963 -1
0 -1.365912318229675 10.94873237609863 -2.133296251296997 0.7607303857803345 0.5626777112483978 -1
0 -1.946331739425659 10.94680023193359 -1.674741625785828 0.7781397104263306 0.5644164383411407 -1
0 -4.535143375396729 15.09451007843018 -1.293495893478394 0.8514926433563232 0.4098636507987976 -1
0 2.967629671096802 13.93509387969971 -1.79640793800354 0.6429729461669922 0.4684198498725891 -1
0 3.111163377761841 10.88100147247314 0.09668286144733429 0.5919562578201294 0.5228775441646576 -1
0 2.911369800567627 12.88255500793457 -0.7174117565155029 0.6264241933822632 0.5069707632064819 -1
0 2.148163318634033 10.94416522979736 -0.7484003901481628 0.6585953235626221 0.565391480922699 -1
0 1.953490138053894 10.94680023193359 -1.674741625785828 0.6795153021812439 0.561051070690155 -1
0 1.3730708360672 10.94873237609863 -2.133296251296997 0.6968642473220825 0.5605412721633911 -1
0 1.976193428039551 12.977463722229 -2.306442975997925 0.6863170266151428 0.4991961121559143 -1
0 -2.909368753433228 10.86796855926514 -0.1208704486489296 0.1156199276447296 0.4763683676719666 -1
0 -2.874726057052612 13.13987350463867 -0.3267992436885834 0.1379034668207169 0.4775933027267456 -1
0 -3.941663980484009 11.70206832885742 0.5216923952102661 0.09571632742881775 0.4451020956039429 -1
0 -3.472766876220703 14.97202205657959 0.9520036578178406 0.1420224159955978 0.4057051539421082 -1
0 -4.80559253692627 14.15911293029785 -0.3154264688491821 0.09343551099300385 0.3910344839096069 -1
0 -3.879554748535156 9.895998954772949 2.881018161773682 0.04763616621494293 0.529103696346283 -1
0 -4.588477611541748 11.12871360778809 -0.2025238871574402 0.07362282276153564 0.4258894920349121 -1
0 -3.941663980484009 10.2946138381958 -0.8450867533683777 0.8814668655395508 0.4835134148597717 -1
0 -2.909368753433228 10.86796855926514 -0.1208704486489296 0.8651294708251953 0.5177894234657288 -1
0 -3.882048606872559 8.252555847167969 2.582156896591187 0.9351385831832886 0.5522935390472412 -1
0 -4.588477611541748 11.12871360778809 -0.2025238871574402 0.9016550183296204 0.458956241607666 -1
0 -4.118809700012207 13.59494018554688 -1.624131083488464 0.8615912795066833 0.4499199986457825 -1
0 3.918787240982056 10.29993915557861 -0.5625704526901245 0.5774387121200562 0.491849958896637 -1
0 3.111163377761841 10.88100147247314 0.09668286144733429 0.3654786944389343 0.4838842749595642 -1
0 3.858763456344604 10.17385768890381 2.808231115341187 0.4292258024215698 0.5187370181083679 -1
0 3.956348657608032 11.64700794219971 0.6451826095581055 0.3787801563739777 0.4524676203727722 -1
0 4.223911762237549 13.64990425109863 -1.624131083488464 0.599396288394928 0.4514837861061096 -1
0 3.858763456344604 8.549988746643066 2.502865552902222 0.5278936624526978 0.5546049475669861 -1
0 4.561278820037842 11.13474655151367 0.05573013424873352 0.5569229125976562 0.4657989144325256 -1
0 4.87279224395752 13.97476482391357 -0.2679111063480377 0.5782053470611572 0.418773889541626 -1
0 4.561278820037842 11.13474655151367 0.05573013424873352 0.3963787853717804 0.4333442449569702 -1
0 3.508437156677246 14.62068939208984 0.9520036578178406 0.3307295143604279 0.419218897819519 -1
0 2.911369800567627 12.88255500793457 -0.7174117565155029 0.3385134041309357 0.4936904311180115 -1
0 3.030238151550293 14.52751922607422 0.8922651410102844 0.3179804384708405 0.4315872192382812 -1
0 2.743442296981812 15.4183235168457 -2.169782876968384 0.6736898422241211 0.4298316240310669 -1
0 1.976193428039551 15.22399711608887 -2.589259147644043 0.69016033411026 0.4382297396659851 -1
0 2.248846054077148 5.093136787414551 -0.3827615082263947 0.3252596259117126 0.7784205079078674 5
0 1.348540425300598 3.219675064086914 0.6039665937423706 0.2897434532642365 0.8325263112783432 6
0 2.083406686782837 3.58257532119751 -0.4517125189304352 0.3197712004184723 0.8278861045837402 6
0 2.248846054077148 5.093136787414551 -0.3827615082263947 0.6310282945632935 0.7717705965042114 5
0 1.949841976165771 6.748325824737549 -1.863965630531311 0.6743854284286499 0.6987913846969604 5
0 2.303992509841919 6.763143062591553 -0.435629665851593 0.6427777409553528 0.7009420692920685 5
0 1.350442051887512 5.002411842346191 0.8031288385391235 0.289322167634964 0.7766548842191696 5
0 1.351076006889343 6.763143062591553 0.8695162534713745 0.2734035551548004 0.6918905675411224 5
0 0.3490132987499237 5.093136787414551 -0.3827615082263947 0.2504952251911163 0.7748895138502121 5
0 0.3041586875915527 6.763143062591553 -0.435629665851593 0.2450145483016968 0.7159361839294434 5
0 0.3490132987499237 5.093136787414551 -0.3827615082263947 0.7184783816337585 0.7800530642271042 5
0 0.8299909830093384 6.739968776702881 -1.802572250366211 0.6991462111473083 0.7021697163581848 5
0 0.8524896502494812 5.115325450897217 -1.690076351165771 0.6857556700706482 0.7720853239297867 5
0 0.9125252962112427 3.848756074905396 -1.558372259140015 0.6804209351539612 0.8107756674289703 6
0 0.5945860147476196 3.58257532119751 -0.4517125189304352 0.7045500874519348 0.8265120983123779 6
0 -2.24061918258667 5.093136787414551 -0.3827615082263947 0.1393424421548843 0.7778980135917664 2
0 -1.342849135398865 6.763143062591553 0.8695162534713745 0.1972834318876266 0.6958082616329193 2
0 -2.29576563835144 6.763143062591553 -0.435629665851593 0.1569985151290894 0.7038109004497528 2
0 -2.24061918258667 5.093136787414551 -0.3827615082263947 0.8249090313911438 0.7815248370170593 2
0 -1.899051547050476 6.766870975494385 -1.811097145080566 0.7811327576637268 0.7039758563041687 2
0 -1.871841788291931 5.142227649688721 -1.698601245880127 0.7950918078422546 0.7769307047128677 2
0 -1.799361228942871 3.857017040252686 -1.555683135986328 0.7948057055473328 0.8144714534282684 3
0 -2.075180053710938 3.58257532119751 -0.4517125189304352 0.8188579082489014 0.8241134136915207 3
0 -0.3407865166664124 5.093136787414551 -0.3827615082263947 0.2159286439418793 0.7843597382307053 2
0 -1.340313673019409 3.219675064086914 0.6039665937423706 0.1718301177024841 0.8398410528898239 3
0 -0.5863592028617859 3.58257532119751 -0.4517125189304352 0.2037089467048645 0.8381914645433426 3
0 -0.3407865166664124 5.093136787414551 -0.3827615082263947 0.7442991137504578 0.7856140732765198 2
0 -0.8698421716690063 5.142227649688721 -1.590871214866638 0.773146390914917 0.7782288044691086 2
0 -0.2959319055080414 6.763143062591553 -0.435629665851593 0.7359194755554199 0.7270767092704773 2
0 -1.342215299606323 5.002411842346191 0.8031288385391235 0.1761070042848587 0.7807352244853973 2
0 -0.2959319055080414 6.763143062591553 -0.435629665851593 0.2256111353635788 0.7202424108982086 2
0 2.121455669403076 0.8324458599090576 -0.5785433053970337 0.3146167099475861 0.9078869596123695 6
0 1.956385135650635 0.1675339490175247 1.810818910598755 0.3136368095874786 0.9874076098203659 6
0 1.953784704208374 0.1675339490175247 -0.5781104564666748 0.3344057500362396 0.9216481819748878 6
0 1.348167538642883 1.083796262741089 0.3384168744087219 0.2920807003974915 0.9137268364429474 6
0 0.5582150816917419 0.8324458599090576 -0.5785433053970337 0.6848486661911011 0.8994913101196289 6
0 0.7260724306106567 0.1675339490175247 -0.5781104564666748 0.6801554560661316 0.9355048686265945 6
0 0.9055368900299072 0.8546343445777893 -1.438276529312134 0.6694608330726624 0.88980533182621 6
0 -2.113228797912598 0.8324458599090576 -0.5785433053970337 0.8127328157424927 0.897851251065731 3
0 -1.726739287376404 0.1319650560617447 -1.507774591445923 0.7963147759437561 0.936440609395504 3
0 -1.945557951927185 0.1655194908380508 -0.5781104564666748 0.8134124279022217 0.937771450728178 3
0 -1.809451699256897 0.8442539572715759 -1.424373626708984 0.7963546514511108 0.8936906084418297 3
0 -0.549988329410553 0.8324458599090576 -0.5785433053970337 0.1941313743591309 0.9156335294246674 3
0 -1.339940786361694 1.083796262741089 0.3384168744087219 0.1684543639421463 0.9141815379261971 3
0 0.7442752122879028 0.1675339490175247 1.810818910598755 0.6719738841056824 0.9755400251597166 6
0 0.7260724306106567 0.1675339490175247 -0.5781104564666748 0.2483958750963211 0.9170675203204155 6
0 0.7442752122879028 0.656186044216156 1.810818910598755 0.2768758535385132 0.9740131441503763 6
0 0.5582150816917419 0.8324458599090576 -0.5785433053970337 0.2691132128238678 0.9046437442302704 6
0 -0.7178456783294678 0.1655194908380508 -0.5781104564666748 0.2182068228721619 0.9225540459156036 3
0 -0.7360484004020691 0.1655194908380508 1.810818910598755 0.198202446103096 0.9923009159974754 3
0 -0.7178456783294678 0.1655194908380508 -0.5781104564666748 0.7701610326766968 0.9420464113354683 3
0 -1.020873069763184 0.1319650560617447 -1.400044560432434 0.7885624170303345 0.9383678995072842 3
0 -0.9358213543891907 0.8442539572715759 -1.316643595695496 0.7809759974479675 0.8952995389699936 3
0 -0.549988329410553 0.8324458599090576 -0.5785433053970337 0.7677229046821594 0.9038631543517113 3
0 -0.7360484004020691 0.1655194908380508 1.810818910598755 0.7808915376663208 0.9903276097029448 3
0 -1.948158264160156 0.1655194908380508 1.810818910598755 0.8089089393615723 0.9884828226640821 3
0 0.7442752122879028 0.1675339490175247 1.810818910598755 0.2658562362194061 0.9851854918524623 6
0 1.889292597770691 0.656186044216156 1.555956721305847 0.3033304512500763 0.9694789387285709 6
0 1.956385135650635 0.1675339490175247 1.810818910598755 0.6229056715965271 0.9713573828339577 6
0 -1.948158264160156 0.1655194908380508 1.810818910598755 0.149211049079895 0.990825149230659 3
0 -2.113228797912598 0.8324458599090576 -0.5785433053970337 0.1425675451755524 0.910259060561657 3
0 -1.945557951927185 0.1655194908380508 -0.5781104564666748 0.1219959780573845 0.9204387590289116 3
0 -1.948158264160156 0.656186044216156 1.810818910598755 0.1601875275373459 0.9759321287274361 3
0 -0.7360484004020691 0.656186044216156 1.810818910598755 0.1854126155376434 0.9757904447615147 3
0 -4.664469718933105 15.58492946624756 -0.3223071098327637 0.8569605350494385 0.3808043599128723 -1
0 -4.80559253692627 14.15911293029785 -0.3154264688491821 0.8804686665534973 0.4124524593353271 -1
0 3.960407733917236 14.74030208587646 -1.719090461730957 0.6163715720176697 0.4331058263778687 -1
0 2.964152336120605 15.19673824310303 -1.955543756484985 0.6526532769203186 0.4332085847854614 -1
0 4.570796966552734 15.30898952484131 -1.010031700134277 0.6078625321388245 0.4097296595573425 -1
0 4.361057758331299 15.27283573150635 0.1061594933271408 0.3501689732074738 0.354104220867157 -1
0 4.87279224395752 13.97476482391357 -0.2679111063480377 0.3781003654003143 0.3906375169754028 -1
0 4.361057758331299 15.27283573150635 0.1061594933271408 0.6000053286552429 0.3832986950874329 -1
0 -2.359720230102539 12.80892562866211 0.7980424761772156 0.1773448437452316 0.5050718188285828 -1
0 -0.7662104964256287 10.95719623565674 1.196491479873657 0.2155202627182007 0.5558842420578003 -1
0 -0.8220287561416626 17.33477973937988 -0.6260618567466736 0.1958276182413101 0.3238518238067627 -1
0 0.00411340082064271 19.8306827545166 1.2094566822052 0.7053440809249878 0.1861947774887085 -1
0 -2.140928745269775 10.94419574737549 -0.7483975887298584 0.1523455828428268 0.5745502412319183 -1
0 -2.161740779876709 10.95147800445557 0.3083869814872742 0.1767156273126602 0.5643759965896606 -1
0 2.367947101593018 12.80892562866211 0.7980424761772156 0.2910067737102509 0.50368732213974 -1
0 2.036969661712646 10.95166206359863 0.3953807651996613 0.2872646450996399 0.5605548620223999 -1
0 2.148163318634033 10.94416522979736 -0.7484003901481628 0.3134212791919708 0.5731487572193146 -1
0 0.7734736800193787 10.95718193054199 1.196491122245789 0.2521774470806122 0.5579513311386108 -1
0 3.295699596405029 9.314000129699707 2.613782644271851 0.4131833016872406 0.53972527384758 -1
0 4.376369953155518 9.262896537780762 3.478763341903687 0.4560889899730682 0.516231507062912 -1
0 4.42182731628418 9.409846305847168 2.697314023971558 0.4440541565418243 0.4998183250427246 -1
0 3.295699596405029 9.314000129699707 2.613782644271851 0.5385318994522095 0.5757705867290497 -1
0 3.250242233276367 9.167049407958984 3.395231962203979 0.4250282943248749 0.5564071238040924 -1
0 4.42182731628418 9.409846305847168 2.697314023971558 0.5107423663139343 0.5388048589229584 -1
0 3.250242233276367 9.167049407958984 3.395231962203979 0.5217573642730713 0.5809729397296906 -1
0 4.376369953155518 9.262896537780762 3.478763341903687 0.5059453845024109 0.5598630905151367 -1
0 0.00357923679985106 10.95205116271973 -2.358488321304321 0.7287818193435669 0.5608304142951965 -1
0 -1.967966556549072 12.977463722229 -2.306442975997925 0.7730390429496765 0.5025916993618011 -1
0 2.303992509841919 6.763143062591553 -0.435629665851593 0.3121267259120941 0.7037938237190247 5
0 2.757080078125 8.527857780456543 0.784648060798645 0.2848587036132812 0.6328955590724945 -1
0 2.518950462341309 7.402786254882812 -0.7975399494171143 0.660243034362793 0.6599525213241577 5
0 0.8592180609703064 7.243551254272461 1.313766598701477 0.2536197006702423 0.672760933637619 5
0 0.3041586875915527 6.763143062591553 -0.435629665851593 0.7217835187911987 0.7236434519290924 5
0 -2.775605201721191 8.527857780456543 0.784648060798645 0.1833937168121338 0.6325663924217224 -1
0 -2.5374755859375 7.301509380340576 -0.7975399494171143 0.1646423488855362 0.6758780181407928 2
0 -2.29576563835144 6.763143062591553 -0.435629665851593 0.81162029504776 0.7096061706542969 2
0 -2.5374755859375 7.301509380340576 -0.7975399494171143 0.7930429577827454 0.6685007810592651 2
0 -0.8418588042259216 6.766870975494385 -1.703367233276367 0.7572572231292725 0.7066302299499512 2
0 -0.8777430653572083 7.243551254272461 1.313766598701477 0.2167303264141083 0.6782032549381256 2
0 0.5945860147476196 3.58257532119751 -0.4517125189304352 0.2588436007499695 0.8286946564912796 6
0 -2.075180053710938 3.58257532119751 -0.4517125189304352 0.1413927674293518 0.8291106224060059 3
0 2.083406686782837 3.58257532119751 -0.4517125189304352 0.6358464956283569 0.8150570839643478 6
0 1.927965402603149 5.123682022094727 -1.751469612121582 0.6619572639465332 0.7687033861875534 5
0 1.862335681915283 3.749208211898804 -1.442198634147644 0.6583548188209534 0.8104016482830048 6
0 -0.5863592028617859 3.58257532119751 -0.4517125189304352 0.7542603611946106 0.8278601467609406 3
0 -0.9445134401321411 3.857017040252686 -1.447953224182129 0.7760612368583679 0.8158490359783173 3
0 -4.664469718933105 15.58492946624756 -0.3223071098327637 0.1139270812273026 0.3628156781196594 -1
0 -0.7326222062110901 8.527857780456543 1.812839150428772 0.2216664701700211 0.6324962079524994 -1
0 -2.194154024124146 10.57563400268555 0.3019711673259735 0.1778824329376221 0.5759881436824799 -1
0 -2.88491678237915 8.527857780456543 -0.7599902153015137 0.1565057337284088 0.6421310603618622 -1
0 2.518950462341309 7.402786254882812 -0.7975399494171143 0.3052623569965363 0.6706812381744385 5
0 2.567363023757935 8.527857780456543 -2.076366662979126 0.6781644225120544 0.6271329522132874 -1
0 2.866391897201538 8.527857780456543 -0.7599902153015137 0.653838038444519 0.6284330189228058 -1
0 -2.585888147354126 8.527857780456543 -2.076366662979126 0.7772244811058044 0.6314116716384888 -1
0 -2.88491678237915 8.527857780456543 -0.7599902153015137 0.801871120929718 0.6348950862884521 -1
0 -1.93563437461853 10.57911777496338 -1.724170446395874 0.7765316367149353 0.5760807991027832 -1
0 -1.295920491218567 7.452401638031006 -2.434106588363647 0.7529634237289429 0.6569354236125946 2
0 -1.583962202072144 8.527857780456543 -2.575729131698608 0.7582754492759705 0.6296635270118713 -1
0 1.940868377685547 10.57856369018555 -1.724326968193054 0.6810376644134521 0.5726959109306335 -1
0 1.277395486831665 7.553678512573242 -2.434106588363647 0.7011141180992126 0.6528482437133789 5
0 1.565437197685242 8.527857780456543 -2.575729131698608 0.6970832943916321 0.6273839175701141 -1
0 2.866391897201538 8.527857780456543 -0.7599902153015137 0.3117555975914001 0.6390178203582764 -1
0 2.140989065170288 10.57476329803467 -0.7649975419044495 0.6602709293365479 0.5733006596565247 -1
0 2.065277338027954 10.57684516906738 0.3896330893039703 0.2858823835849762 0.5710106492042542 -1
0 -1.33058750629425 10.58120918273926 -2.186687469482422 0.7586069107055664 0.5739349722862244 -1
0 1.335698485374451 10.58100700378418 -2.186776161193848 0.6985668540000916 0.5719233751296997 -1
0 -2.135725021362305 10.57544612884521 -0.7649992108345032 0.154265284538269 0.5836010575294495 -1
0 0.7140972018241882 8.527857780456543 1.812839150428772 0.2462064623832703 0.6294056177139282 -1
0 -0.739170253276825 10.57062721252441 1.245020627975464 0.2169898599386215 0.5666154026985168 -1
0 0.7441373467445374 10.57064533233643 1.245015501976013 0.2507080435752869 0.5694760084152222 -1
0 2.140989065170288 10.57476329803467 -0.7649975419044495 0.311621218919754 0.5818895101547241 -1
0 -2.135725021362305 10.57544612884521 -0.7649992108345032 0.7981371879577637 0.5777553021907806 -1
0 -3.183901071548462 9.025699615478516 2.685397386550903 0.06745539605617523 0.5483880043029785 -1
0 -3.183901071548462 9.025699615478516 2.685397386550903 0.9230297803878784 0.5731140971183777 -1
0 -3.157096385955811 8.883244514465332 3.468539714813232 0.9389222860336304 0.5796371698379517 -1
0 -4.441205024719238 9.128374099731445 2.747108459472656 0.0306637566536665 0.513156920671463 -1
0 -3.157096385955811 8.883244514465332 3.468539714813232 0.05745690688490868 0.5672184526920319 -1
0 -4.441205024719238 9.128374099731445 2.747108459472656 0.9519266486167908 0.5371076762676239 -1
0 -4.414400100708008 8.985918045043945 3.530250549316406 0.02058953046798706 0.5319288074970245 -1
0 -4.414400100708008 8.985918045043945 3.530250549316406 0.9562308192253113 0.5581261515617371 -1
0 0.00411340082064271 20.80413436889648 -0.6273359060287476 0.7096951603889465 0.01300626993179321 -1
0 0.00411340082064271 20.4450855255127 -1.896630764007568 0.5329923629760742 0.01033663749694824 -1
0 0.00411340082064271 20.4450855255127 -1.896630764007568 0.9050073027610779 0.003995180130004883 -1
0 3.813306093215942 10.02690696716309 3.589680433273315 0.4413866400718689 0.5355704426765442 -1
0 3.813306093215942 10.02690696716309 3.589680433273315 0.5009484887123108 0.5838131308555603 -1
0 3.813306093215942 8.40303897857666 3.284314870834351 0.5206776857376099 0.5637045204639435 -1
0 -3.855243682861328 8.110099792480469 3.365298986434937 0.9417670369148254 0.5611903667449951 -1
0 -3.852749824523926 9.753542900085449 3.664160251617432 0.03732310980558395 0.5485132336616516 -1
0 -3.852749824523926 9.753542900085449 3.664160251617432 0.9603373408317566 0.5811890065670013 -1
0 0.00411340082064271 17.33477973937988 -1.245668530464172 0.9410892724990845 0.30646151304245 -1
278
-0.3399645090103149 0.6960881352424622 0.6323649883270264
0.3523589968681335 0.6412555575370789 0.6816409826278687
-0.6100327968597412 0.05900415778160095 0.7901762127876282
-0.1774827241897583 0.398319274187088 0.8999119997024536
-0.6835517287254333 0.7291349768638611 -0.03345561400055885
0.9945946931838989 0.1026760190725327 -0.01545956078916788
0.6458228826522827 -0.09374185651540756 0.7577105164527893
0.442200094461441 0.8930408954620361 0.0832885280251503
0.6057113409042358 0.7950511574745178 -0.03173963353037834
0.5087766647338867 0.5863190889358521 -0.6303778290748596
0.9945946931838989 0.1026760190725327 -0.01545956078916788
0.6057113409042358 0.7950511574745178 -0.03173963353037834
1.542230738850735e-16 0.2885398864746094 -0.9574678540229797
0.3526092171669006 -0.1437074840068817 -0.9246701598167419
-0.3915816843509674 0.5850381255149841 -0.7102071046829224
-0.6835517287254333 0.7291349768638611 -0.03345561400055885
-0.5744206309318542 -0.0837528333067894 -0.8142643570899963
-0.2234216183423996 0.8001481890678406 -0.5566378235816956
-0.6349436640739441 -0.3846445381641388 0.6699963212013245
-0.7913013696670532 -0.1579713225364685 0.5906667709350586
-0.896205723285675 -0.4140739738941193 0.1592420041561127
1.100059052774579e-15 -0.5895273685455322 0.8077483773231506
-3.658604496849872e-16 -0.3354358673095703 0.94206303358078
-6.623927349448677e-16 -0.2547537684440613 0.9670059680938721
0.6349436640739441 -0.3846445381641388 0.6699963212013245
0.896205723285675 -0.4140739738941193 0.1592420041561127
0.7913013696670532 -0.1579713225364685 0.5906667709350586
0.8610238432884216 -0.4484158754348755 0.239919051527977
0.4828169941902161 -0.5487635135650635 -0.6824561357498169
0.1633319109678268 0.09761608392000198 -0.9817299842834473
0.7324002385139465 0.2618373036384583 -0.6285150051116943
0 0.03212469071149826 -0.9994838833808899
3.215123655179285e-17 -0.62287437915802 -0.7823218703269958
-8.151919861502761e-17 -0.568580150604248 -0.8226278424263
-0.4828169941902161 -0.5487635135650635 -0.6824561357498169
-0.9805210828781128 -0.01068788766860962 0.1961229890584946
-0.7324002385139465 0.2618373036384583 -0.6285150051116943
0 0.03212469071149826 -0.9994838833808899
-8.151919861502761e-17 -0.568580150604248 -0.8226278424263
3.215123655179285e-17 -0.62287437915802 -0.7823218703269958
-0.5664480924606323 -0.7069706916809082 -0.4234725534915924
-0.6561377644538879 0.557627260684967 0.5084633827209473
-0.6801245808601379 0.02860048413276672 0.7325384020805359
6.98465697646501e-16 0.8000920414924622 0.5998772382736206
-0.1810098439455032 0.9820281863212585 0.05344190821051598
-0.7132179141044617 0.6947479248046875 -0.09298132359981537
0.6561377644538879 0.557627260684967 0.5084633827209473
0.9805210828781128 -0.01068788766860962 0.1961229890584946
0.7132179141044617 0.6947479248046875 -0.09298132359981537
0.6801245808601379 0.02860048413276672 0.7325384020805359
0.1810098439455032 0.9820281863212585 0.05344190821051598
0.5421501994132996 0.6412743926048279 -0.5429919958114624
0.1827573776245117 0.7392194271087646 -0.6481931805610657
-0.5421501994132996 0.6412743926048279 -0.5429919958114624
-0.1827573776245117 0.7392194271087646 -0.6481931805610657
0.6834604740142822 -0.5035902857780457 -0.5284681916236877
0.9932012557983398 0.04888835549354553 0.1056467965245247
0.3975822329521179 -0.9165241122245789 -0.0437249094247818
-0.4885194599628448 -0.5581321120262146 -0.6706991195678711
0.5240455865859985 -0.01091179065406322 -0.8516203165054321
-0.3325746059417725 0.9153926968574524 0.2268267273902893
0.1842591464519501 -0.1203988194465637 0.9754756093025208
0.2800107598304749 0.4085133373737335 0.8687409162521362
-0.3440515398979187 -0.06196759268641472 0.936903715133667
-0.1695135533809662 -0.1167658418416977 0.9785861968994141
-0.1225868910551071 0.5584173202514648 -0.8204526305198669
0.09894688427448273 0.6197904348373413 -0.7785045504570007
-6.049536978025571e-07 -0.02459458447992802 -0.9996975064277649
-0.316609263420105 0.06932422518730164 -0.9460194110870361
-0.4680673480033875 0.520634651184082 -0.7140396237373352
0.2737049162387848 0.7911543846130371 -0.5469555854797363
0.442200094461441 0.8930408954620361 0.0832885280251503
-0.3325746059417725 0.9153926968574524 0.2268267273902893
-0.6100327968597412 0.05900415778160095 0.7901762127876282
-0.8714132905006409 -0.4634078741073608 0.1609101295471191
-0.9962650537490845 0.08634672313928604 -0.0004054924938827753
0.6458228826522827 -0.09374185651540756 0.7577105164527893
3.769093327374295e-16 -0.1555730849504471 -0.9878243803977966
0.3526092171669006 -0.1437074840068817 -0.9246701598167419
0.6337941884994507 -0.6608242988586426 -0.4020151793956757
-0.9962650537490845 0.08634672313928604 -0.0004054924938827753
-0.5744206309318542 -0.0837528333067894 -0.8142643570899963
3.769093327374295e-16 -0.1555730849504471 -0.9878243803977966
0.9945946931838989 0.1026760190725327 -0.01545956078916788
-0.1633319109678268 0.09761608392000198 -0.9817299842834473
-0.4162135124206543 -0.2556261122226715 -0.8725947737693787
-0.9888117909431458 -0.1452648043632507 -0.03390161320567131
0.3220719695091248 -0.5266316533088684 0.7867202758789062
-0.4610231518745422 -0.07450995594263077 -0.8842544555664062
-0.8446888327598572 -0.1024760976433754 -0.5253564715385437
-0.6097362041473389 0.1659073829650879 -0.775046169757843
0.3689097762107849 -0.277281254529953 -0.8871418833732605
-0.9963497519493103 -0.08527320623397827 -0.003961176611483097
-0.4763234853744507 -0.6594447493553162 0.5815913677215576
0.977630615234375 -0.2099053412675858 -0.01334699895232916
0.8417393565177917 -0.1291475594043732 -0.5242096781730652
0.4414317607879639 -0.07843931764364243 -0.8938597440719604
0.3968274295330048 -0.1583376526832581 -0.9041333794593811
0.9926884174346924 -0.1002817675471306 0.06718123704195023
0.3220719695091248 -0.5266316533088684 0.7867202758789062
-0.08554993569850922 0.1323908567428589 0.9874988198280334
-0.3727680146694183 0.3161227405071259 0.8724164366722107
-0.9574266076087952 0.01303537376224995 0.2883824110031128
-0.03457794710993767 0.9094389081001282 0.4143974781036377
-0.9986487627029419 -0.04706911370158195 -0.02202572114765644
-0.1114519536495209 -0.5528138279914856 -0.8258180022239685
0.9926884174346924 -0.1002817675471306 0.06718123704195023
-0.1065679267048836 -0.9321335554122925 -0.346078485250473
-0.9986487627029419 -0.04706911370158195 -0.02202572114765644
-0.7264009714126587 -0.09688757359981537 -0.6804075241088867
0.08208855241537094 -0.6005671620368958 -0.7953493595123291
-0.9963497519493103 -0.08527320623397827 -0.003961176611483097
-0.01667706854641438 0.9160957336425781 0.4006126523017883
-0.23655766248703 0.2394699901342392 0.9416446089744568
0.6565575003623962 -0.1249888390302658 -0.7438481450080872
0.05196590721607208 -0.9383449554443359 -0.3417723178863525
0.9921527504920959 -0.04381179064512253 0.1171045675873756
0.9786281585693359 0.04933170974254608 0.1996329426765442
0.9921527504920959 -0.04381179064512253 0.1171045675873756
0.3660216629505157 0.263578325510025 0.8924990892410278
-0.4763234853744507 -0.6594447493553162 0.5815913677215576
0.3127290904521942 -0.04387245327234268 0.9488286375999451
0.5968614220619202 0.4288156032562256 -0.6781398057937622
0.2853607535362244 0.08182605355978012 -0.9549208283424377
0.9647546410560608 -0.05946201458573341 0.2563450634479523
0.01073121558874846 -0.1262000650167465 0.9919467568397522
0.9981299638748169 -0.05233067646622658 0.03159219771623611
0.9647546410560608 -0.05946201458573341 0.2563450634479523
0.7112091183662415 -0.3065287470817566 -0.6326307654380798
0.9473432302474976 -0.2810083329677582 0.1535418927669525
0.02646058797836304 -0.07439356297254562 0.9968778491020203
0.1738628298044205 -0.6185895800590515 0.7662366628646851
-0.9851312041282654 -0.07881277054548264 0.1526598036289215
-0.6398913860321045 -0.761085569858551 0.1062439978122711
-0.9851312041282654 -0.07881277054548264 0.1526598036289215
-0.3032121658325195 -0.6153468489646912 -0.7276061177253723
-0.5868262052536011 -0.08765807002782822 -0.8049540519714355
-0.5690335035324097 -0.08651004731655121 -0.8177511096000671
-0.985443115234375 -0.08027517795562744 0.1498590856790543
-0.9827072620391846 -0.06491721421480179 0.1734134256839752
-0.3876706957817078 -0.5120964050292969 0.7664650678634644
-0.9343417286872864 -0.3209824562072754 0.1548413038253784
-0.9827072620391846 -0.06491721421480179 0.1734134256839752
-0.6069678068161011 -0.2386526763439178 -0.7580468058586121
-0.5578948259353638 -0.0947558656334877 -0.8244844675064087
-0.5502805709838867 -0.07743559032678604 -0.8313813805580139
-0.9844462275505066 -0.0547516830265522 0.1669368743896484
0.9674710631370544 -0.09176165610551834 0.2357532382011414
-0.01073121558874846 -0.1262000650167465 0.9919467568397522
0.9939138293266296 -0.07064135372638702 -0.08452842384576797
0.9674710631370544 -0.09176165610551834 0.2357532382011414
0.5941867828369141 -0.09574365615844727 -0.7986083030700684
0.630832850933075 -0.7703529596328735 0.09276971966028214
0.2229436933994293 -0.05780943110585213 0.9731156826019287
0.630832850933075 -0.7703529596328735 0.09276971966028214
0.9932012557983398 0.04888835549354553 0.1056467965245247
0.7191590070724487 -0.1930882036685944 0.6674783229827881
0.3975822329521179 -0.9165241122245789 -0.0437249094247818
0.03284535929560661 0.8143633008003235 0.5794252157211304
-0.9988152384757996 0.04429362714290619 0.02015540935099125
-0.7601534128189087 -0.6485318541526794 -0.03966370597481728
-0.5856426954269409 0.003710459219291806 -0.8105608224868774
-0.9988222718238831 0.03517518937587738 0.03341842815279961
-0.5129663944244385 -0.342211127281189 -0.7872464656829834
-0.3941208720207214 -0.9186115860939026 -0.02866187132894993
-0.5250388383865356 0.001511101145297289 -0.8510769009590149
0.9938058853149414 0.06695964932441711 0.08869226276874542
-0.003532713279128075 0.8248631954193115 0.5653213262557983
-0.4077189862728119 -0.8154616951942444 0.4108375012874603
-0.7601534128189087 -0.6485318541526794 -0.03966370597481728
-0.559815526008606 0.5537481307983398 0.6164167523384094
-0.9988152384757996 0.04429362714290619 0.02015540935099125
0.7237528562545776 -0.6617168784141541 -0.1957361251115799
0.5402748584747314 -0.6164661645889282 0.572776198387146
0.7237528562545776 -0.6617168784141541 -0.1957361251115799
0.4201659262180328 -0.7664342522621155 -0.4858385324478149
0.5981331467628479 -0.01852676458656788 -0.8011825680732727
0.9938058853149414 0.06695964932441711 0.08869226276874542
0.5402748584747314 -0.6164661645889282 0.572776198387146
-0.7682590484619141 -0.4856952726840973 0.4169869422912598
-0.4077189862728119 -0.8154616951942444 0.4108375012874603
0.5003792643547058 0.7557281851768494 0.4224872291088104
0.7191590070724487 -0.1930882036685944 0.6674783229827881
-0.7682590484619141 -0.4856952726840973 0.4169869422912598
-0.9988222718238831 0.03517518937587738 0.03341842815279961
-0.3941208720207214 -0.9186115860939026 -0.02866187132894993
-0.4156767725944519 0.5525150299072266 0.7224541306495667
0.5089234113693237 0.6793545484542847 0.5286533832550049
-0.8451274037361145 0.5338253378868103 -0.02811025641858578
-0.9574266076087952 0.01303537376224995 0.2883824110031128
0.3664593100547791 0.3121584355831146 -0.8765071034431458
0.6021889448165894 0.2870602607727051 -0.7449596524238586
0.7899834513664246 0.4854070544242859 -0.374574601650238
0.6522713899612427 0.5680281519889832 0.5018824934959412
0.9786281585693359 0.04933170974254608 0.1996329426765442
0.6522713899612427 0.5680281519889832 0.5018824934959412
-0.7019712328910828 -0.2295850068330765 0.6741862297058105
-0.2486528754234314 -0.003906681202352047 0.9685847759246826
-0.9962650537490845 0.08634672313928604 -0.0004054924938827753
3.655672439363392e-17 0.0430830791592598 0.999071478843689
-0.9888117909431458 -0.1452648043632507 -0.03390161320567131
-0.8807554244995117 -0.0729900524020195 0.4679127335548401
0.7114183902740479 -0.2799998819828033 0.6445804238319397
0.7959929704666138 -0.06452096253633499 0.6018573641777039
0.977630615234375 -0.2099053412675858 -0.01334699895232916
0.278838187456131 0.01981016993522644 0.9601337313652039
-0.9992877840995789 -0.03602851182222366 -0.01121840160340071
0.8238481283187866 -0.07862838357686996 0.5613304376602173
0.9978035688400269 0.01935386843979359 0.06335219740867615
-0.9992877840995789 -0.03602851182222366 -0.01121840160340071
-0.8830064535140991 -0.1126132532954216 0.4556510746479034
0.9978035688400269 0.01935386843979359 0.06335219740867615
-0.8830064535140991 -0.1126132532954216 0.4556510746479034
0.8238481283187866 -0.07862838357686996 0.5613304376602173
-1.059386613633251e-05 -0.103244237601757 -0.9946560263633728
-0.4603357911109924 -0.1644294857978821 -0.8723840117454529
0.9473432302474976 -0.2810083329677582 0.1535418927669525
0.817588746547699 -0.1803929805755615 0.5468153357505798
0.9370556473731995 -0.3296744525432587 -0.1150718107819557
0.2286459058523178 -0.4273276627063751 0.8747068643569946
-0.6398913860321045 -0.761085569858551 0.1062439978122711
-0.8118717074394226 -0.1923708468675613 0.5512329339981079
-0.9125688672065735 -0.3254062533378601 -0.2476465851068497
-0.9343417286872864 -0.3209824562072754 0.1548413038253784
-0.9125688672065735 -0.3254062533378601 -0.2476465851068497
0.2624052464962006 -0.6570924520492554 -0.7066632509231567
-0.1533845961093903 -0.4674602150917053 0.8706055879592896
-0.985443115234375 -0.08027517795562744 0.1498590856790543
-0.9844462275505066 -0.0547516830265522 0.1669368743896484
0.9981299638748169 -0.05233067646622658 0.03159219771623611
0.5172210931777954 -0.125704824924469 -0.8465699553489685
0.6650205850601196 -0.08961156010627747 -0.7414292693138123
0.9939138293266296 -0.07064135372638702 -0.08452842384576797
0.6184139847755432 -0.07760937511920929 -0.7820108532905579
-0.8451274037361145 0.5338253378868103 -0.02811025641858578
-0.2992990612983704 0.03616751357913017 0.9534736275672913
-0.8575564622879028 0.1954789459705353 0.4757992327213287
-0.9867360591888428 0.1332027465105057 -0.09278440475463867
0.9370556473731995 -0.3296744525432587 -0.1150718107819557
0.7728452086448669 -0.1021974831819534 -0.6263114213943481
0.9889281988143921 0.1287721544504166 -0.07374777644872665
-0.7765387892723083 -0.1054578870534897 -0.6211812496185303
-0.9867360591888428 0.1332027465105057 -0.09278440475463867
-0.8196874260902405 0.1771158427000046 -0.5447407960891724
-0.2557803094387054 -0.4240092039108276 -0.8687880039215088
-0.30824014544487 0.06941769272089005 -0.9487724304199219
0.8206744790077209 0.1708004772663116 -0.5452711582183838
0.1789179444313049 -0.3924662470817566 -0.9021965265274048
0.220495343208313 0.05055771023035049 -0.9740768671035767
0.9889281988143921 0.1287721544504166 -0.07374777644872665
0.9890159964561462 0.1435170471668243 -0.03535829856991768
0.8252925872802734 0.2440905869007111 0.5092267990112305
-0.2430478483438492 0.06352723389863968 -0.9679318070411682
0.2930919826030731 0.0342494510114193 -0.9554706215858459
-0.977304220199585 0.1690300554037094 -0.1276920139789581
0.2146298140287399 0.008547449484467506 0.976658046245575
-0.2235791236162186 0.1987915188074112 0.9541982412338257
0.2799265086650848 0.1446080952882767 0.9490677714347839
0.9890159964561462 0.1435170471668243 -0.03535829856991768
-0.977304220199585 0.1690300554037094 -0.1276920139789581
0.9989142417907715 -0.04606499895453453 0.006956167984753847
0.9989142417907715 -0.04606499895453453 0.006956167984753847
0.8550416827201843 -0.1206936091184616 0.5043181777000427
-0.9985728859901428 0.02045035921037197 0.04933482781052589
0.8550416827201843 -0.1206936091184616 0.5043181777000427
-0.9985728859901428 0.02045035921037197 0.04933482781052589
-0.8382159471511841 -0.07048169523477554 0.5407645702362061
-0.8382159471511841 -0.07048169523477554 0.5407645702362061
0 0.9923443794250488 -0.1235013976693153
0 0.7474221587181091 -0.664349377155304
0 0.7474221587181091 -0.664349377155304
-0.06096139177680016 0.6135597825050354 0.7872915863990784
-0.06096139177680016 0.6135597825050354 0.7872915863990784
-0.01469094306230545 -0.8581218123435974 0.5132359862327576
-0.04358121380209923 -0.8654993176460266 0.4990106225013733
0.005735221784561872 0.6362254619598389 0.7714818716049194
0.005735221784561872 0.6362254619598389 0.7714818716049194
3.769093327374295e-16 -0.1555730849504471 -0.9878243803977966
412
0 0 1 2 0 1 2 1
0 0 3 1 0 3 1 1
0 0 2 4 0 2 4 1
0 1 5 6 1 5 6 1
0 1 7 8 1 7 8 1
0 9 10 11 9 10 11 1
0 9 12 13 9 12 13 1
0 14 15 16 14 15 16 1
0 14 17 15 14 17 15 1
0 14 12 17 14 12 17 1
0 18 19 20 18 19 20 1
0 18 21 22 18 21 22 1
0 18 23 19 18 23 19 1
0 24 25 26 24 25 26 1
0 24 27 25 24 27 25 1
0 24 23 22 24 23 22 1
0 28 29 30 28 29 30 1
0 28 31 29 28 31 29 1
0 28 32 33 28 32 33 1
0 34 20 35 34 20 35 1
0 34 35 36 34 35 36 1
0 34 37 38 34 37 38 1
0 34 39 40 34 39 40 1
0 41 42 43 41 42 43 1
0 41 44 45 41 44 45 1
0 46 47 48 46 47 48 1
0 46 49 47 46 49 47 1
0 46 50 43 46 50 43 1
0 51 52 48 51 52 48 1
0 53 36 45 53 36 45 1
0 53 54 36 53 54 36 1
0 55 56 57 55 56 57 1
0 55 58 59 55 58 59 1
0 3 0 60 3 0 60 1
0 3 61 62 3 61 62 1
0 3 63 64 3 63 64 1
0 65 17 66 65 17 66 1
0 65 67 68 65 67 68 1
0 65 69 17 65 69 17 1
0 11 70 9 11 70 9 1
0 8 5 1 8 5 1 1
0 11 71 70 11 71 70 1
0 70 12 9 70 12 9 1
0 4 60 0 4 60 0 1
0 17 69 72 17 69 72 1
0 17 12 70 17 12 70 1
0 73 21 74 73 21 74 1
0 73 74 75 73 74 75 1
0 6 2 1 6 2 1 1
0 76 21 73 76 21 73 1
0 76 27 21 76 27 21 1
0 13 10 9 13 10 9 1
0 13 12 77 13 12 77 1
0 78 32 79 78 32 79 1
0 16 15 80 16 15 80 1
0 81 74 40 81 74 40 1
0 16 12 14 16 12 14 1
0 81 39 82 81 39 82 1
0 22 21 24 22 21 24 1
0 22 23 18 22 23 18 1
0 79 28 25 79 28 25 1
0 79 83 78 79 83 78 1
0 79 32 28 79 32 28 1
0 20 34 40 20 34 40 1
0 20 74 18 20 74 18 1
0 40 39 81 40 39 81 1
0 43 49 46 43 49 46 1
0 43 44 41 43 44 41 1
0 19 23 42 19 23 42 1
0 19 35 20 19 35 20 1
0 48 30 51 48 30 51 1
0 48 52 50 48 52 50 1
0 48 50 46 48 50 46 1
0 26 23 24 26 23 24 1
0 26 47 49 26 47 49 1
0 30 47 28 30 47 28 1
0 30 52 51 30 52 51 1
0 45 35 41 45 35 41 1
0 45 54 53 45 54 53 1
0 36 54 84 36 54 84 1
0 36 84 34 36 84 34 1
0 85 86 87 85 86 87 1
0 85 88 89 85 88 89 1
0 85 90 69 85 90 69 1
0 91 92 93 91 92 93 1
0 91 94 95 91 94 95 1
0 91 96 97 91 96 97 1
0 98 99 100 98 99 100 1
0 100 101 102 100 101 102 1
0 100 63 101 100 63 101 1
0 100 99 63 100 99 63 1
0 100 103 98 100 103 98 1
0 104 100 102 104 100 102 1
0 104 103 100 104 103 100 1
0 105 85 106 105 85 106 1
0 105 106 107 105 106 107 1
0 105 108 109 105 108 109 1
0 105 107 108 105 107 108 1
0 92 91 110 92 91 110 1
0 111 112 113 111 112 113 1
0 110 91 114 110 91 114 1
0 110 115 92 110 115 92 1
0 116 114 117 116 114 117 1
0 116 115 110 116 115 110 1
0 118 119 113 118 119 113 1
0 113 120 111 113 120 111 1
0 113 112 118 113 112 118 1
0 62 1 3 62 1 3 1
0 62 61 121 62 61 121 1
0 66 70 122 66 70 122 1
0 66 17 70 66 17 70 1
0 66 67 65 66 67 65 1
0 66 122 123 66 122 123 1
0 124 125 126 124 125 126 1
0 127 128 129 127 128 129 1
0 130 124 131 130 124 131 1
0 130 132 125 130 132 125 1
0 132 131 133 132 131 133 1
0 134 135 136 134 135 136 1
0 134 137 138 134 137 138 1
0 139 140 141 139 140 141 1
0 142 143 144 142 143 144 1
0 142 145 146 142 145 146 1
0 147 148 149 147 148 149 1
0 150 151 152 150 151 152 1
0 153 139 148 153 139 148 1
0 153 154 140 153 154 140 1
0 56 55 59 56 55 59 1
0 155 156 157 155 156 157 1
0 155 125 158 155 125 158 1
0 159 58 160 159 58 160 1
0 159 137 161 159 137 161 1
0 162 163 164 162 163 164 1
0 162 145 165 162 145 165 1
0 166 148 167 166 148 167 1
0 160 57 168 160 57 168 1
0 169 170 171 169 170 171 1
0 57 58 55 57 58 55 1
0 172 166 173 172 166 173 1
0 174 164 175 174 164 175 1
0 174 176 177 174 176 177 1
0 164 178 179 164 178 179 1
0 180 156 170 180 156 170 1
0 156 155 181 156 155 181 1
0 182 168 57 182 168 57 1
0 181 155 158 181 155 158 1
0 181 170 156 181 170 156 1
0 170 169 180 170 169 180 1
0 170 181 158 170 181 158 1
0 170 158 171 170 158 171 1
0 183 184 185 183 184 185 1
0 183 173 186 183 173 186 1
0 173 166 187 173 166 187 1
0 178 164 174 178 164 174 1
0 187 166 167 187 166 167 1
0 187 186 173 187 186 173 1
0 186 184 183 186 184 183 1
0 186 167 184 186 167 184 1
0 188 109 189 188 109 189 1
0 188 69 90 188 69 90 1
0 190 91 191 190 91 191 1
0 190 71 192 190 71 192 1
0 190 192 114 190 192 114 1
0 193 119 194 193 119 194 1
0 193 7 119 193 7 119 1
0 195 192 71 195 192 71 1
0 64 196 197 64 196 197 1
0 64 197 61 64 197 61 1
0 68 85 69 68 85 69 1
0 68 69 65 68 69 65 1
0 83 27 76 83 27 76 1
0 198 4 2 198 4 2 1
0 75 74 81 75 74 81 1
0 21 27 24 21 27 24 1
0 27 79 25 27 79 25 1
0 27 83 79 27 83 79 1
0 74 20 40 74 20 40 1
0 74 21 18 74 21 18 1
0 23 49 199 23 49 199 1
0 47 25 28 47 25 28 1
0 47 26 25 47 26 25 1
0 47 30 48 47 30 48 1
0 35 45 36 35 45 36 1
0 35 42 41 35 42 41 1
0 196 64 63 196 64 63 1
0 196 200 201 196 200 201 1
0 202 61 203 202 61 203 1
0 202 121 61 202 121 61 1
0 202 204 121 202 204 121 1
0 120 121 204 120 121 204 1
0 97 123 91 97 123 91 1
0 97 67 123 97 67 123 1
0 109 85 105 109 85 105 1
0 114 91 190 114 91 190 1
0 114 116 110 114 116 110 1
0 114 192 117 114 192 117 1
0 194 119 118 194 119 118 1
0 117 192 195 117 192 195 1
0 61 3 64 61 3 64 1
0 61 197 205 61 197 205 1
0 112 111 206 112 111 206 1
0 112 207 208 112 207 208 1
0 209 92 115 209 92 115 1
0 206 210 112 206 210 112 1
0 115 116 211 115 116 211 1
0 115 212 209 115 212 209 1
0 208 118 112 208 118 112 1
0 211 213 115 211 213 115 1
0 123 67 66 123 67 66 1
0 67 96 214 67 96 214 1
0 67 88 215 67 88 215 1
0 215 85 68 215 85 68 1
0 215 68 67 215 68 67 1
0 215 88 85 215 88 85 1
0 216 131 124 216 131 124 1
0 216 217 131 216 217 131 1
0 129 128 218 129 128 218 1
0 131 132 130 131 132 130 1
0 131 217 219 131 217 219 1
0 133 131 154 133 131 154 1
0 220 152 135 220 152 135 1
0 220 135 134 220 135 134 1
0 141 221 222 141 221 222 1
0 223 224 143 223 224 143 1
0 223 143 142 223 143 142 1
0 154 153 147 154 153 147 1
0 154 131 140 154 131 140 1
0 152 151 225 152 151 225 1
0 140 139 153 140 139 153 1
0 140 131 226 140 131 226 1
0 140 221 141 140 221 141 1
0 227 171 125 227 171 125 1
0 227 125 132 227 125 132 1
0 228 184 148 228 184 148 1
0 228 148 139 228 148 139 1
0 148 147 153 148 147 153 1
0 148 166 149 148 166 149 1
0 125 124 130 125 124 130 1
0 125 155 126 125 155 126 1
0 229 230 127 229 230 127 1
0 229 59 231 229 59 231 1
0 232 176 233 232 176 233 1
0 232 151 150 232 151 150 1
0 167 186 187 167 186 187 1
0 167 148 184 167 148 184 1
0 158 125 171 158 125 171 1
0 101 60 234 101 60 234 1
0 119 7 121 119 7 121 1
0 221 235 236 221 235 236 1
0 222 221 237 222 221 237 1
0 238 217 216 238 217 216 1
0 218 239 240 218 239 240 1
0 241 242 243 241 242 243 1
0 244 224 241 244 224 241 1
0 244 241 245 244 241 245 1
0 244 135 225 244 135 225 1
0 239 246 240 239 246 240 1
0 239 128 247 239 128 247 1
0 247 244 248 247 244 248 1
0 247 128 135 247 128 135 1
0 249 217 238 249 217 238 1
0 240 246 250 240 246 250 1
0 249 251 217 249 251 217 1
0 248 239 247 248 239 247 1
0 248 246 239 248 246 239 1
0 248 252 253 248 252 253 1
0 242 241 224 242 241 224 1
0 237 236 254 237 236 254 1
0 245 248 244 245 248 244 1
0 245 243 252 245 243 252 1
0 255 226 219 255 226 219 1
0 255 256 235 255 256 235 1
0 255 251 257 255 251 257 1
0 235 221 226 235 221 226 1
0 235 226 255 235 226 255 1
0 226 131 219 226 131 219 1
0 226 221 140 226 221 140 1
0 219 217 255 219 217 255 1
0 72 15 17 72 15 17 1
0 60 101 63 60 101 63 1
0 72 69 188 72 69 188 1
0 121 113 119 121 113 119 1
0 121 120 113 121 120 113 1
0 121 7 62 121 7 62 1
0 7 1 62 7 1 62 1
0 71 190 191 71 190 191 1
0 71 122 70 71 122 70 1
0 191 91 122 191 91 122 1
0 122 91 123 122 91 123 1
0 122 71 191 122 71 191 1
0 63 3 60 63 3 60 1
0 63 200 196 63 200 196 1
0 87 106 85 87 106 85 1
0 99 200 63 99 200 63 1
0 42 35 19 42 35 19 1
0 49 43 199 49 43 199 1
0 49 23 26 49 23 26 1
0 199 43 42 199 43 42 1
0 199 42 23 199 42 23 1
0 89 243 86 89 243 86 1
0 89 86 85 89 86 85 1
0 243 245 241 243 245 241 1
0 243 88 252 243 88 252 1
0 257 256 255 257 256 255 1
0 257 197 256 257 197 256 1
0 205 257 203 205 257 203 1
0 205 203 61 205 203 61 1
0 246 94 250 246 94 250 1
0 95 246 96 95 246 96 1
0 95 96 91 95 96 91 1
0 256 197 236 256 197 236 1
0 256 236 235 256 236 235 1
0 197 257 205 197 257 205 1
0 258 251 249 258 251 249 1
0 258 203 251 258 203 251 1
0 94 91 93 94 91 93 1
0 94 246 95 94 246 95 1
0 253 246 248 253 246 248 1
0 253 96 246 253 96 246 1
0 253 252 214 253 252 214 1
0 96 67 97 96 67 97 1
0 96 253 214 96 253 214 1
0 259 243 242 259 243 242 1
0 259 86 243 259 86 243 1
0 200 236 201 200 236 201 1
0 214 88 67 214 88 67 1
0 214 252 88 214 252 88 1
0 88 243 89 88 243 89 1
0 252 248 245 252 248 245 1
0 251 255 217 251 255 217 1
0 251 203 257 251 203 257 1
0 203 258 204 203 258 204 1
0 203 204 202 203 204 202 1
0 236 237 221 236 237 221 1
0 236 200 254 236 200 254 1
0 201 197 196 201 197 196 1
0 201 236 197 201 236 197 1
0 260 98 103 260 98 103 1
0 261 262 107 261 262 107 1
0 103 104 263 103 104 263 1
0 103 264 260 103 264 260 1
0 265 108 107 265 108 107 1
0 263 266 103 263 266 103 1
0 107 106 261 107 106 261 1
0 107 267 265 107 267 265 1
0 54 37 84 54 37 84 1
0 54 268 269 54 268 269 1
0 52 31 270 52 31 270 1
0 52 268 50 52 268 50 1
0 44 43 268 44 43 268 1
0 44 54 45 44 54 45 1
0 44 268 54 44 268 54 1
0 50 268 43 50 268 43 1
0 29 52 30 29 52 30 1
0 29 31 52 29 31 52 1
0 230 128 127 230 128 127 1
0 230 135 128 230 135 128 1
0 230 137 136 230 137 136 1
0 128 239 218 128 239 218 1
0 59 229 56 59 229 56 1
0 231 230 229 231 230 229 1
0 231 59 137 231 59 137 1
0 231 137 230 231 137 230 1
0 161 59 58 161 59 58 1
0 161 58 159 161 58 159 1
0 161 137 59 161 137 59 1
0 58 57 160 58 57 160 1
0 136 137 134 136 137 134 1
0 135 244 247 135 244 247 1
0 135 230 136 135 230 136 1
0 143 224 244 143 224 244 1
0 143 151 144 143 151 144 1
0 165 163 162 165 163 162 1
0 165 176 163 165 176 163 1
0 165 145 176 165 145 176 1
0 163 175 164 163 175 164 1
0 144 145 142 144 145 142 1
0 176 232 177 176 232 177 1
0 175 163 176 175 163 176 1
0 175 176 174 175 176 174 1
0 151 232 233 151 232 233 1
0 151 143 225 151 143 225 1
0 151 145 144 151 145 144 1
0 225 135 152 225 135 152 1
0 225 143 244 225 143 244 1
0 137 159 138 137 159 138 1
0 145 162 146 145 162 146 1
0 233 176 145 233 176 145 1
0 233 145 151 233 145 151 1
0 189 109 108 189 109 108 1
0 102 101 234 102 101 234 1
0 90 85 109 90 85 109 1
0 90 109 188 90 109 188 1
0 207 112 271 207 112 271 1
0 271 112 210 271 112 210 1
0 272 212 213 272 212 213 1
0 212 115 273 212 115 273 1
0 273 115 213 273 115 213 1
0 273 213 212 273 213 212 1
0 274 107 262 274 107 262 1
0 274 267 107 274 267 107 1
0 264 103 275 264 103 275 1
0 262 267 274 262 267 274 1
0 275 103 266 275 103 266 1
0 276 267 262 276 267 262 1
0 37 34 84 37 34 84 1
0 269 37 54 269 37 54 1
0 270 268 52 270 268 52 1
0 77 12 16 77 12 16 1
0 277 32 78 277 32 78 1
0 33 31 28 33 31 28 1
0 38 39 34 38 39 34 1
"Mesh" 0 0
66
0 6.053887844085693 10.31784248352051 3.089290857315063 0.6264285445213318 0.1353908777236938 -1
0 6.011295795440674 11.75782680511475 2.257906436920166 0.6061651110649109 0.1356132030487061 -1
0 6.039690494537354 10.79783725738525 3.920675277709961 0.6265730261802673 0.1470960974693298 -1
0 -6.011295795440674 10.78878974914551 3.920675277709961 0.7735114693641663 0.147352397441864 -1
0 -5.997098445892334 10.30879497528076 3.089290857315063 0.7733593583106995 0.1356471180915833 -1
0 -6.011295795440674 10.78878974914551 2.257906436920166 0.7735487222671509 0.1239460110664368 -1
0 6.039690494537354 10.79783725738525 2.257906436920166 0.626617431640625 0.1236897706985474 -1
0 5.997098445892334 12.23782157897949 3.089290857315063 0.6062905192375183 0.1473134160041809 -1
0 6.011295795440674 11.75782680511475 3.920675277709961 0.6164921522140503 0.1530582904815674 -1
0 6.011295795440674 11.75782680511475 3.920675277709961 0.6270158886909485 0.08857309818267822 -1
0 -6.011295795440674 10.78878974914551 3.920675277709961 0.7736315727233887 0.07712686061859131 -1
0 6.039690494537354 10.79783725738525 3.920675277709961 0.626697838306427 0.0768706202507019 -1
0 -6.053887844085693 12.22877407073975 3.089290857315063 0.774094820022583 0.1005311012268066 -1
0 -6.039690494537354 11.748779296875 3.920675277709961 0.773947536945343 0.0888293981552124 -1
0 5.997098445892334 12.23782157897949 3.089290857315063 0.6271651983261108 0.1002748608589172 -1
0 6.011295795440674 11.75782680511475 2.257906436920166 0.6269755363464355 0.1119822859764099 -1
0 -6.039690494537354 11.748779296875 2.257906436920166 0.7739062905311584 0.1122385859489441 -1
0 6.039690494537354 10.79783725738525 2.257906436920166 0.61623615026474 0.1296519041061401 -1
0 -6.039690494537354 11.748779296875 2.257906436920166 0.7936242818832397 0.1353553533554077 -1
0 -6.011295795440674 10.78878974914551 2.257906436920166 0.7834041118621826 0.1296507120132446 -1
0 -6.039690494537354 11.748779296875 3.920675277709961 0.7837413549423218 0.1530582904815674 -1
0 -6.053887844085693 12.22877407073975 3.089290857315063 0.7937954068183899 0.1470562219619751 -1
0 6.053887844085693 11.93725395202637 2.920537948608398 0.6264285445213318 0.1353908777236938 -1
0 6.011295795440674 13.37723827362061 2.089153528213501 0.6061651110649109 0.1356132030487061 -1
0 6.039690494537354 12.41724872589111 3.751922130584717 0.6265730261802673 0.1470960974693298 -1
0 -6.011295795440674 12.40820121765137 3.751922130584717 0.7735114693641663 0.147352397441864 -1
0 -5.997098445892334 11.92820644378662 2.920537948608398 0.7733593583106995 0.1356471180915833 -1
0 -6.011295795440674 12.40820121765137 2.089153528213501 0.7735487222671509 0.1239460110664368 -1
0 6.039690494537354 12.41724872589111 2.089153528213501 0.626617431640625 0.1236897706985474 -1
0 5.997098445892334 13.85723304748535 2.920537948608398 0.6062905192375183 0.1473134160041809 -1
0 6.011295795440674 13.37723827362061 3.751922130584717 0.6164921522140503 0.1530582904815674 -1
0 6.011295795440674 13.37723827362061 3.751922130584717 0.6270158886909485 0.08857309818267822 -1
0 -6.011295795440674 12.40820121765137 3.751922130584717 0.7736315727233887 0.07712686061859131 -1
0 6.039690494537354 12.41724872589111 3.751922130584717 0.626697838306427 0.0768706202507019 -1
0 -6.053887844085693 13.84818553924561 2.920537948608398 0.774094820022583 0.1005311012268066 -1
0 -6.039690494537354 13.36819076538086 3.751922130584717 0.773947536945343 0.0888293981552124 -1
0 5.997098445892334 13.85723304748535 2.920537948608398 0.6271651983261108 0.1002748608589172 -1
0 6.011295795440674 13.37723827362061 2.089153528213501 0.6269755363464355 0.1119822859764099 -1
0 -6.039690494537354 13.36819076538086 2.089153528213501 0.7739062905311584 0.1122385859489441 -1
0 6.039690494537354 12.41724872589111 2.089153528213501 0.61623615026474 0.1296519041061401 -1
0 -6.039690494537354 13.36819076538086 2.089153528213501 0.7936242818832397 0.1353553533554077 -1
0 -6.011295795440674 12.40820121765137 2.089153528213501 0.7834041118621826 0.1296507120132446 -1
0 -6.039690494537354 13.36819076538086 3.751922130584717 0.7837413549423218 0.1530582904815674 -1
0 -6.053887844085693 13.84818553924561 2.920537948608398 0.7937954068183899 0.1470562219619751 -1
0 6.053887844085693 10.85677433013916 1.889284253120422 0.6264285445213318 0.1353908777236938 -1
0 6.011295795440674 12.29675769805908 1.057899951934814 0.6061651110649109 0.1356132030487061 -1
0 6.039690494537354 11.33676910400391 2.720668792724609 0.6265730261802673 0.1470960974693298 -1
0 -6.011295795440674 11.32772064208984 2.720668792724609 0.7735114693641663 0.147352397441864 -1
0 -5.997098445892334 10.8477258682251 1.889284253120422 0.7733593583106995 0.1356471180915833 -1
0 -6.011295795440674 11.32772064208984 1.057899951934814 0.7735487222671509 0.1239460110664368 -1
0 6.039690494537354 11.33676910400391 1.057899951934814 0.626617431640625 0.1236897706985474 -1
0 5.997098445892334 12.77675247192383 1.889284253120422 0.6062905192375183 0.1473134160041809 -1
0 6.011295795440674 12.29675769805908 2.720668792724609 0.6164921522140503 0.1530582904815674 -1
0 6.011295795440674 12.29675769805908 2.720668792724609 0.6270158886909485 0.08857309818267822 -1
0 -6.011295795440674 11.32772064208984 2.720668792724609 0.7736315727233887 0.07712686061859131 -1
0 6.039690494537354 11.33676910400391 2.720668792724609 0.626697838306427 0.0768706202507019 -1
0 -6.053887844085693 12.76770496368408 1.889284253120422 0.774094820022583 0.1005311012268066 -1
0 -6.039690494537354 12.28771018981934 2.720668792724609 0.773947536945343 0.0888293981552124 -1
0 5.997098445892334 12.77675247192383 1.889284253120422 0.6271651983261108 0.1002748608589172 -1
0 6.011295795440674 12.29675769805908 1.057899951934814 0.6269755363464355 0.1119822859764099 -1
0 -6.039690494537354 12.28771018981934 1.057899951934814 0.7739062905311584 0.1122385859489441 -1
0 6.039690494537354 11.33676910400391 1.057899951934814 0.61623615026474 0.1296519041061401 -1
0 -6.039690494537354 12.28771018981934 1.057899951934814 0.7936242818832397 0.1353553533554077 -1
0 -6.011295795440674 11.32772064208984 1.057899951934814 0.7834041118621826 0.1296507120132446 -1
0 -6.039690494537354 12.28771018981934 2.720668792724609 0.7837413549423218 0.1530582904815674 -1
0 -6.053887844085693 12.76770496368408 1.889284253120422 0.7937954068183899 0.1470562219619751 -1
66
0.5067959427833557 -0.8620660305023193 -1.321102358876837e-15
0.6494690775871277 0.3945151567459106 -0.6500367522239685
0.8712868690490723 -0.2258081138134003 0.4357406497001648
-0.6494690775871277 -0.3945151567459106 0.6500367522239685
-0.7445653080940247 -0.6675496101379395 1.655066644732441e-16
-0.2758109867572784 -0.4867173433303833 -0.8288754820823669
0.5032554268836975 -0.4208621978759766 -0.7547244429588318
0.7445653080940247 0.6675496101379395 -2.06883337209e-16
0.2758109867572784 0.4867173433303833 0.8288754820823669
0.2758109867572784 0.4867173433303833 0.8288754820823669
-0.6494690775871277 -0.3945151567459106 0.6500367522239685
0.8712868690490723 -0.2258081138134003 0.4357406497001648
-0.5067959427833557 0.8620660305023193 -3.373027603380881e-16
-0.5032554268836975 0.4208621978759766 0.7547244429588318
0.7445653080940247 0.6675496101379395 -2.06883337209e-16
0.6494690775871277 0.3945151567459106 -0.6500367522239685
-0.8712868690490723 0.2258081138134003 -0.4357406497001648
0.5032554268836975 -0.4208621978759766 -0.7547244429588318
-0.8712868690490723 0.2258081138134003 -0.4357406497001648
-0.2758109867572784 -0.4867173433303833 -0.8288754820823669
-0.5032554268836975 0.4208621978759766 0.7547244429588318
-0.5067959427833557 0.8620660305023193 -3.373027603380881e-16
0.5067959427833557 -0.8620660305023193 -2.810856336150734e-16
0.6494690775871277 0.3945151567459106 -0.6500367522239685
0.8712868690490723 -0.2258081138134003 0.4357406497001648
-0.6494690775871277 -0.3945151567459106 0.6500367522239685
-0.7445653080940247 -0.6675496101379395 1.655066644732441e-16
-0.2758109867572784 -0.4867173433303833 -0.8288754820823669
0.5032554268836975 -0.4208621978759766 -0.7547244429588318
0.7445653080940247 0.6675496101379395 -2.06883337209e-16
0.2758109867572784 0.4867173433303833 0.8288754820823669
0.2758109867572784 0.4867173433303833 0.8288754820823669
-0.6494690775871277 -0.3945151567459106 0.6500367522239685
0.8712868690490723 -0.2258081138134003 0.4357406497001648
-0.5067959427833557 0.8620660305023193 -3.373027603380881e-16
-0.5032554268836975 0.4208621978759766 0.7547244429588318
0.7445653080940247 0.6675496101379395 -2.06883337209e-16
0.6494690775871277 0.3945151567459106 -0.6500367522239685
-0.8712868690490723 0.2258081138134003 -0.4357406497001648
0.5032554268836975 -0.4208621978759766 -0.7547244429588318
-0.8712868690490723 0.2258081138134003 -0.4357406497001648
-0.2758109867572784 -0.4867173433303833 -0.8288754820823669
-0.5032554268836975 0.4208621978759766 0.7547244429588318
-0.5067959427833557 0.8620660305023193 -3.373027603380881e-16
0.5067959427833557 -0.8620660305023193 -1.967599435305514e-16
0.6494690775871277 0.3945151567459106 -0.6500367522239685
0.8712868690490723 -0.2258081138134003 0.4357406497001648
-0.6494690775871277 -0.3945151567459106 0.6500367522239685
-0.7445653080940247 -0.6675496101379395 2.89636669445622e-16
-0.2758109867572784 -0.4867173433303833 -0.8288754820823669
0.5032554268836975 -0.4208621978759766 -0.7547244429588318
0.7445653080940247 0.6675496101379395 -1.241300049723779e-16
0.2758109867572784 0.4867173433303833 0.8288754820823669
0.2758109867572784 0.4867173433303833 0.8288754820823669
-0.6494690775871277 -0.3945151567459106 0.6500367522239685
0.8712868690490723 -0.2258081138134003 0.4357406497001648
-0.5067959427833557 0.8620660305023193 -2.529770570186763e-16
-0.5032554268836975 0.4208621978759766 0.7547244429588318
0.7445653080940247 0.6675496101379395 -1.241300049723779e-16
0.6494690775871277 0.3945151567459106 -0.6500367522239685
-0.8712868690490723 0.2258081138134003 -0.4357406497001648
0.5032554268836975 -0.4208621978759766 -0.7547244429588318
-0.8712868690490723 0.2258081138134003 -0.4357406497001648
-0.2758109867572784 -0.4867173433303833 -0.8288754820823669
-0.5032554268836975 0.4208621978759766 0.7547244429588318
-0.5067959427833557 0.8620660305023193 -2.529770570186763e-16
60
0 0 1 2 0 1 2 1
0 0 3 4 0 3 4 1
0 0 5 6 0 5 6 1
0 2 7 8 2 7 8 1
0 2 3 0 2 3 0 1
0 9 10 11 9 10 11 1
0 9 12 13 9 12 13 1
0 7 2 1 7 2 1 1
0 14 12 9 14 12 9 1
0 15 12 14 15 12 14 1
0 15 5 16 15 5 16 1
0 17 1 0 17 1 0 1
0 6 5 15 6 5 15 1
0 4 18 19 4 18 19 1
0 4 5 0 4 5 0 1
0 3 18 4 3 18 4 1
0 13 10 9 13 10 9 1
0 20 21 3 20 21 3 1
0 18 3 21 18 3 21 1
0 16 12 15 16 12 15 1
0 22 23 24 22 23 24 1
0 22 25 26 22 25 26 1
0 22 27 28 22 27 28 1
0 24 29 30 24 29 30 1
0 24 25 22 24 25 22 1
0 31 32 33 31 32 33 1
0 31 34 35 31 34 35 1
0 29 24 23 29 24 23 1
0 36 34 31 36 34 31 1
0 37 34 36 37 34 36 1
0 37 27 38 37 27 38 1
0 39 23 22 39 23 22 1
0 28 27 37 28 27 37 1
0 26 40 41 26 40 41 1
0 26 27 22 26 27 22 1
0 25 40 26 25 40 26 1
0 35 32 31 35 32 31 1
0 42 43 25 42 43 25 1
0 40 25 43 40 25 43 1
0 38 34 37 38 34 37 1
0 44 45 46 44 45 46 1
0 44 47 48 44 47 48 1
0 44 49 50 44 49 50 1
0 46 51 52 46 51 52 1
0 46 47 44 46 47 44 1
0 53 54 55 53 54 55 1
0 53 56 57 53 56 57 1
0 51 46 45 51 46 45 1
0 58 56 53 58 56 53 1
0 59 56 58 59 56 58 1
0 59 49 60 59 49 60 1
0 61 45 44 61 45 44 1
0 50 49 59 50 49 59 1
0 48 62 63 48 62 63 1
0 48 49 44 48 49 44 1
0 47 62 48 47 62 48 1
0 57 54 53 57 54 53 1
0 64 65 47 64 65 47 1
0 62 47 65 62 47 65 1
0 60 56 59 60 56 59 1
Materials: 1
"Material0"
0.200000 0.200000 0.200000 1.000000
0.800000 0.800000 0.800000 1.000000
0.000000 0.000000 0.000000 1.000000
0.000000 0.000000 0.000000 1.000000
0.000000
1.000000
"C:/meshes/man_lp2.bmp"
""
Bones: 11
"Joint1"
""
0 0.04050379246473312 13.62114524841309 0 0 -0 0
8
1 0 0 0
5 0 0 0
10 0 0 0
15 0 0 0
20 0 0 0
25 0 0 0
30 0 0 0
35 0 0 0
8
1 0 -0 0
5 0 -0 0
10 0 -0 0
15 0 -0 0
20 0 -0 0
25 0 -0 0
30 0 -0 0
35 0 -0 0
"Joint2"
"Joint1"
0 0.1076788082718849 -3.604095458984375 0 0 -0 0
8
1 0 0 0
5 0 0 0
10 0 0 0
15 0 0 0
20 0 0 0
25 0 0 0
30 0 0 0
35 0 0 0
8
1 0 -0 0
5 0 -0 0
10 0 -0 0
15 0 -0 0
20 0 -0 0
25 0 -0 0
30 0 -0 0
35 0 -0 0
"Joint3"
"Joint2"
0 -1.453663945198059 -1.990322113037109 0 0 -0 0
8
1 0 0 0
5 0 0 0
10 0 0 0
15 0 0 0
20 0 0 0
25 0 0 0
30 0 0 0
35 0 0 0
8
1 0 -0 0
5 0.2268561869859695 0.004688938613981009 0.001561393961310387
10 -0.5505263805389404 -0.0383785106241703 -0.1535167098045349
15 -0.7128501534461975 -0.06354900449514389 -0.1259280145168304
20 -0.3147014081478119 0.01659898646175861 -0.01714691892266273
25 0.02417544834315777 0.02601643837988377 -0.0004736478440463543
30 -0.8725588321685791 -0.03044587373733521 -0.09950277209281921
35 0 -0 0
"Joint4"
"Joint3"
0 0 -3.066171169281006 0 0 -0 0
8
1 0 0 0
5 0 0 0
10 0 0 0
15 0 0 0
20 0 0 0
25 0 0 0
30 0 0 0
35 0 0 0
8
1 0 -0 0
5 0.3106671869754791 0.01615266315639019 -0.006678646896034479
10 1.160277247428894 -0.1976777762174606 0.2525238692760468
15 0.5818515419960022 -0.1988293826580048 0.2059329599142075
20 0.2490871399641037 -0.1221282407641411 -0.009621079079806805
25 0.4450826346874237 -0.09572512656450272 -0.05001462623476982
30 1.510136723518372 -0.1278169900178909 0.01573983021080494
35 0 -0 0
"Joint5"
"Joint4"
0 0.1615182161331177 -3.227548599243164 0 0 -0 0
8
1 0 0 0
5 0 0 0
10 0 0 0
15 0 0 0
20 0 0 0
25 0 0 0
30 0 0 0
35 0 0 0
8
1 0 -0 0
5 0 -0 0
10 0 -0 0
15 0 -0 0
20 0 -0 0
25 0 -0 0
30 0 -0 0
35 0 -0 0
"Joint6"
"Joint2"
0 1.399824500083923 -1.775152206420898 0 0 -0 0
8
1 0 0 0
5 0 0 0
10 0 0 0
15 0 0 0
20 0 0 0
25 0 0 0
30 0 0 0
35 0 0 0
8
1 0 -0 0
5 -0.8338356018066406 0.03764614835381508 -0.003553197253495455
10 -0.2260802388191223 0.01038846746087074 0.001026481506414711
15 0.2495780438184738 -0.006798936519771814 0.007396288216114044
20 -0.7861155271530151 0.03051653318107128 -0.002235017949715257
25 -0.5397058129310608 0.02403481490910053 0.008443627506494522
30 -0.2712801396846771 0.01779667101800442 0.01721974648535252
35 0 -0 0
"Joint7"
"Joint6"
0 -0.1076787710189819 -3.012378692626953 0 0 -0 0
8
1 0 0 0
5 0 0 0
10 0 0 0
15 0 0 0
20 0 0 0
25 0 0 0
30 0 0 0
35 0 0 0
8
1 0 -0 0
5 0.8405101895332336 0.01387755014002323 -0.04436896741390228
10 0.2229158133268356 0.00221664272248745 -0.0002480854163877666
15 0.2532531023025513 -0.0001717301056487486 0.005310309585183859
20 1.62257194519043 -0.0215635858476162 -0.02799678593873978
25 -0.001090371049940586 0.01628089509904385 -0.001025093952193856
30 0.3433200120925903 0.003391209989786148 0.008976716548204422
35 0 -0 0
"Joint8"
"Joint7"
0 -0.1076788902282715 -3.33513355255127 0 0 -0 0
8
1 0 0 0
5 0 0 0
10 0 0 0
15 0 0 0
20 0 0 0
25 0 0 0
30 0 0 0
35 0 0 0
8
1 0 -0 0
5 0 -0 0
10 0 -0 0
15 0 -0 0
20 0 -0 0
25 0 -0 0
30 0 -0 0
35 0 -0 0
"Joint9"
"Joint1"
0 -0.3230364322662354 1.936529159545898 0 0 -0 0
8
1 0 0 0
5 0 0 0
10 0 0 0
15 0 0 0
20 0 0 0
25 0 0 0
30 0 0 0
35 0 0 0
8
1 0 -0 0
5 0 -0 0
10 0 -0 0
15 0 -0 0
20 0 -0 0
25 0 -0 0
30 0 -0 0
35 0 -0 0
"Joint10"
"Joint9"
0 0.2153576165437698 1.452396392822266 0 0 -0 0
8
1 0 0 0
5 0 0 0
10 0 0 0
15 0 0 0
20 0 0 0
25 0 0 0
30 0 0 0
35 0 0 0
8
1 0 -0 0
5 0 -0 0
10 0 -0 0
15 0 -0 0
20 0 -0 0
25 0 -0 0
30 0 -0 0
35 0 -0 0
"Joint11"
"Joint10"
0 -0.05383940786123276 1.775152206420898 0 0 -0 0
8
1 0 0 0
5 0 0 0
10 0 0 0
15 0 0 0
20 0 0 0
25 0 0 0
30 0 0 0
35 0 0 0
8
1 0 -0 0
5 0 -0 0
10 0 -0 0
15 0 -0 0
20 0 -0 0
25 0 -0 0
30 0 -0 0
35 0 -0 0
