// MilkShape 3D ASCII

Frames: 100
Frame: 50

Meshes: 1
"Mesh" 0 0
306
0 -1.453453540802002 2.501283645629883 0.6527867913246155 0.4775114357471466 0.5569581091403961 -1
0 -1.437790155410767 2.683655023574829 -0.6372078061103821 0.4361781477928162 0.6212207973003387 -1
0 -0.9482800960540771 2.221259117126465 0.5076959133148193 0.4881682693958282 0.6006391644477844 -1
0 -1.366219282150269 2.582654237747192 1.249547719955444 0.4828973710536957 0.5237413942813873 -1
0 -1.56932258605957 3.767841100692749 0.3422165215015411 0.3954397141933441 0.5441571772098541 -1
0 -1.186604619026184 1.728049397468567 1.274343013763428 0.5434293746948242 0.542118102312088 13
0 -0.9473159909248352 1.728049397468567 0.8392372727394104 0.5267583131790161 0.5695752203464508 13
0 -1.158279180526733 4.914864540100098 0.2646244168281555 0.3218003809452057 0.5256508886814117 -1
0 -1.045015811920166 4.919533729553223 1.100776076316833 0.3263289332389832 0.466688871383667 -1
0 0.009838458150625229 5.297205924987793 0.2387603968381882 0.2499243468046188 0.5120078325271606 -1
0 -1.39097535610199 2.540205717086792 -2.404116153717041 0.3765501081943512 0.7198404669761658 -1
0 -1.515104293823242 2.523845434188843 -1.873821020126343 0.4005373120307922 0.6998526155948639 -1
0 -1.402233242988586 3.812041282653809 -2.187595129013062 0.3694571554660797 0.676192969083786 -1
0 -1.146858334541321 3.873966455459595 -2.753446817398071 0.3444348871707916 0.7109618782997131 -1
0 -0.8282278776168823 2.908248901367188 -2.716071605682373 0.3695678412914276 0.7791202664375305 -1
0 -1.19382381439209 1.736767053604126 -2.139700651168823 0.4466506838798523 0.7681846171617508 16
0 -0.9511538743972778 1.739664077758789 -2.460375308990479 0.4448635280132294 0.8010325878858566 16
0 -1.110953211784363 4.942933559417725 -2.172204971313477 0.2967141270637512 0.6405736207962036 -1
0 -1.150767803192139 4.900857925415039 -1.026485443115234 0.3125728368759155 0.5962376296520233 -1
0 0.009838458150625229 5.319898128509521 -2.167074918746948 0.2401832938194275 0.6334175169467926 -1
0 -0.9894847869873047 5.048280715942383 1.752267956733704 0.3256650567054749 0.4301685094833374 0
0 -1.241139769554138 4.044875621795654 1.798719763755798 0.3934379816055298 0.4431970119476318 0
0 -0.8228917121887207 5.434523105621338 2.48939847946167 0.3104312121868134 0.3780719637870789 0
0 0.009838458150625229 5.382749557495117 1.736784100532532 0.2576059997081757 0.4157515168190002 0
0 -1.264229297637939 2.656511306762695 1.759080648422241 0.4899474084377289 0.4674240350723267 -1
0 -0.9043561816215515 3.395098209381104 2.67638635635376 0.4454919099807739 0.3727807998657227 0
0 -0.8525006771087646 2.363820552825928 2.030946254730225 0.5287832021713257 0.4406783580780029 -1
0 -0.9473159909248352 1.728049397468567 1.7094486951828 0.5533851981163025 0.4993071556091309 13
0 -0.8246350288391113 5.9629225730896 3.140549421310425 0.2968171238899231 0.3318160176277161 0
0 -0.724840521812439 6.118621349334717 3.567516088485718 0.295759528875351 0.2861425280570984 0
0 0.009838458150625229 5.989327430725098 3.102835178375244 0.2547649443149567 0.3301764726638794 0
0 -1.06814169883728 5.476990222930908 3.043641567230225 0.3281250596046448 0.2972358465194702 0
0 -0.7474047541618347 4.291711807250977 3.122191667556763 0.4235167801380157 0.3559725284576416 0
0 -0.624595046043396 4.504340171813965 3.561725378036499 0.4833444058895111 0.3089334964752197 0
0 -0.8837277889251709 4.78616189956665 3.139975786209106 0.4032089114189148 0.3444646000862122 0
0 -0.3461126685142517 4.038410663604736 3.288764715194702 0.4695448577404022 0.346717894077301 0
0 -0.6792476773262024 5.272489547729492 4.66749382019043 0.2852745354175568 0.1527379751205444 1
0 -0.3208940625190735 4.616029262542725 5.106459617614746 0.2614425420761108 0.075034499168396 1
0 0.009838458150625229 5.076888561248779 4.935024261474609 0.2396045029163361 0.1142933964729309 1
0 0.009838458150625229 5.435700416564941 4.778512477874756 0.2427141666412354 0.1735777258872986 1
0 -0.6570780277252197 4.508667945861816 4.770263671875 0.2939251661300659 0.07003039121627808 1
0 -0.4008514881134033 4.279014587402344 5.115511894226074 0.2668353915214539 0.05279886722564697 1
0 0.3492852449417114 4.612013339996338 5.105433464050293 0.2614425420761108 0.075034499168396 1
0 -0.7116328477859497 3.143473386764526 -2.91952109336853 0.3189437687397003 0.798823744058609 -1
0 -0.9619420170783997 3.896857500076294 -2.9288649559021 0.3310621976852417 0.7607071995735168 -1
0 0.007457645609974861 3.895851135253906 -3.044564008712769 0.3047809600830078 0.8802205100655556 -1
0 0.009838458150625229 2.873339414596558 -2.891489505767822 0.3447147905826569 0.8577780425548553 -1
0 -1.41888701915741 2.300169706344604 -1.580731868743896 0.4185343980789185 0.6884045898914337 -1
0 -0.9540647268295288 2.225611209869385 -1.483035564422607 0.4445718824863434 0.680569976568222 -1
0 -0.9550288319587708 1.733870148658752 -1.819025874137878 0.4620359539985657 0.7520110458135605 16
0 -0.7929075360298157 6.08437442779541 4.029653549194336 0.2856141924858093 0.2486926317214966 1
0 -0.8749222159385681 5.60518741607666 3.989563941955566 0.3258622586727142 0.2085538506507874 1
0 -0.624595046043396 5.840939044952393 4.412929534912109 0.2854404449462891 0.1950815320014954 1
0 -1.02048671245575 5.661581993103027 3.986700057983398 0.3196699023246765 0.2439661026000977 1
0 -0.7007270455360413 4.379724502563477 3.90327000617981 0.3561520278453827 0.07465600967407227 0
0 -0.8360728621482849 4.970754146575928 3.896093845367432 0.3598904013633728 0.1523347496986389 0
0 -0.8953755497932434 5.209228992462158 3.251397132873535 0.3905952274799347 0.3249921202659607 0
0 -0.8863083720207214 5.138773918151855 3.568948030471802 0.4367727935314178 0.2793828248977661 0
0 -0.9225771427154541 5.420595645904541 3.046505451202393 0.3718292713165283 0.3319932222366333 0
0 -0.7080273628234863 1.728049397468567 1.274343013763428 0.5497976541519165 0.5870543122291565 13
0 0.009838458150625229 2.387593507766724 -0.4869283437728882 0.5062441825866699 0.6757960021495819 -1
0 0.009838458150625229 2.221259117126465 0.5076959133148193 0.5312218070030212 0.6485051214694977 -1
0 -0.951172411441803 2.387593507766724 -0.4869283437728882 0.4646623730659485 0.6363402307033539 -1
0 1.163729071617126 4.886988639831543 -1.030029296875 0.3125728368759155 0.5962376296520233 -1
0 0.009838458150625229 5.343863964080811 -1.005965232849121 0.2450632750988007 0.5808956027030945 -1
0 1.064723014831543 4.906891345977783 1.097545862197876 0.3263289332389832 0.466688871383667 -1
0 1.175361275672913 4.900880813598633 0.26105135679245 0.3218003809452057 0.5256508886814117 -1
0 -1.547213673591614 3.571839809417725 -1.088046193122864 0.3869558274745941 0.6215177774429321 -1
0 -0.7109057903289795 2.260637998580933 -2.493301868438721 0.3860922753810883 0.8292602449655533 -1
0 0.009838458150625229 2.260637998580933 -2.493301868438721 0.3709089756011963 0.8610220551490784 -1
0 -0.7123588919639587 1.736767053604126 -2.139700651168823 0.4405616223812103 0.8250740766525269 16
0 -0.8871403932571411 4.811175346374512 -2.753446817398071 0.2929185032844543 0.6978921890258789 -1
0 1.120913505554199 4.929559707641602 -2.175622224807739 0.2967141270637512 0.6405736207962036 -1
0 0.8937589526176453 4.800503730773926 -2.756173610687256 0.2929185032844543 0.6978921890258789 -1
0 0.009838458150625229 5.123578071594238 -2.753446817398071 0.2358905225992203 0.6816847026348114 -1
0 0.009838458150625229 5.281652927398682 1.07598078250885 0.2560698688030243 0.4518064856529236 -1
0 -1.421064019203186 3.833174705505371 1.175161957740784 0.3989055156707764 0.5050309896469116 -1
0 0.8530396223068237 5.424480438232422 2.4868323802948 0.3104312121868134 0.3780719637870789 0
0 1.012734055519104 5.036283016204834 1.749202370643616 0.3256650567054749 0.4301685094833374 0
0 0.009838458150625229 5.686038494110107 2.452258110046387 0.2550633549690247 0.3723577857017517 0
0 -1.026692628860474 4.679977416992188 2.600819826126099 0.3862700164318085 0.382430374622345 0
0 0.7664955258369446 6.109684467315674 3.565232753753662 0.295759528875351 0.2861425280570984 0
0 0.8631090521812439 5.952808856964111 3.137965202331543 0.2968171238899231 0.3318160176277161 0
0 0.009838458150625229 6.124026775360107 4.038562774658203 0.2461592853069305 0.2471703290939331 1
0 0.009838458150625229 6.090424060821533 3.568948030471802 0.2536462247371674 0.2888253331184387 0
0 -0.624595046043396 4.504340171813965 3.561725378036499 0.3917764127254486 0.1329148411750793 0
0 -0.8360728621482849 4.82155704498291 3.568948030471802 0.3933642208576202 0.1591500043869019 0
0 0.009838458150625229 4.146023273468018 4.05225133895874 0.3986185491085052 0.08469098806381226 1
0 0.6655187010765076 5.833208084106445 4.410954475402832 0.2854404449462891 0.1950815320014954 1
0 0.009838458150625229 5.99013614654541 4.459664821624756 0.2443992495536804 0.2078499794006348 1
0 -0.4903489053249359 4.082502365112305 4.646692752838135 0.2960355281829834 0.03847551345825195 1
0 0.009838458150625229 3.938805818557739 5.016865253448486 0.2550975680351257 0.01395803689956665 1
0 0.4252254664897919 4.274064540863037 5.11424732208252 0.2668353915214539 0.05279886722564697 1
0 0.5109254121780396 4.076502323150635 4.645159721374512 0.2960355281829834 0.03847551345825195 1
0 0.009838458150625229 4.146023273468018 4.05225133895874 0.3532834351062775 0 1
0 0.009838458150625229 3.940447330474854 4.605502605438232 0.2888736128807068 0.0008749961853027344 1
0 -0.3861562609672546 4.312282085418701 -3.04316520690918 0.2795712947845459 0.7915119677782059 -1
0 0.009838458150625229 2.873339414596558 -2.891489505767822 0.3447147905826569 0.8577780425548553 -1
0 0.6877685785293579 2.252256870269775 -2.495443344116211 0.3860922753810883 0.8292602449655533 -1
0 0.009838458150625229 2.260637998580933 -2.493301868438721 0.3709089756011963 0.8610220551490784 -1
0 -0.3964053690433502 2.214919567108154 0.9431899189949036 0.5299239158630371 0.62330362200737 -1
0 -0.04670651257038116 2.214919567108154 0.9431899189949036 0.5412822365760803 0.6328252851963043 -1
0 -0.4523016512393951 2.456307888031006 2.026480674743652 0.5461432933807373 0.4092176556587219 -1
0 -0.568054735660553 2.901005268096924 2.786465406417847 0.496380627155304 0.3679189682006836 0
0 -0.63444983959198 2.196643352508545 1.299553751945496 0.5416473746299744 0.5998938977718353 -1
0 -0.63444983959198 2.196643352508545 1.299553751945496 0.5962159633636475 0.4654989242553711 -1
0 -0.3964053690433502 2.214919567108154 0.9431899189949036 0.628497302532196 0.4582242965698242 -1
0 -0.7080273628234863 1.728049397468567 1.274343013763428 0.594221830368042 0.4899032711982727 13
0 -0.5318095684051514 2.229232311248779 -2.135251760482788 0.4059663712978363 0.8517156094312668 -1
0 0.009838458150625229 2.393387317657471 -2.133768796920776 0.3939618170261383 0.8743623048067093 -1
0 -0.5318095684051514 2.229232311248779 -2.135251760482788 0.4798990488052368 0.7221143841743469 -1
0 -0.7123588919639587 1.736767053604126 -2.139700651168823 0.4719412624835968 0.7364960014820099 16
0 -0.7080273628234863 1.116290330886841 1.274343013763428 0.6254010796546936 0.506074994802475 14
0 -0.9473159909248352 1.116290330886841 1.7094486951828 0.6036968231201172 0.5238611102104187 14
0 -0.7080273628234863 0.5943071842193604 1.274343013763428 0.6789363026618958 0.5285187363624573 14
0 -0.7080273628234863 1.116290330886841 1.274343013763428 0.6003347635269165 0.5931551456451416 14
0 -0.9473159909248352 1.116290330886841 0.8392372727394104 0.5942692160606384 0.5664477944374084 14
0 -1.186604619026184 0.5943071842193604 1.274343013763428 0.6566455960273743 0.5681290328502655 14
0 -0.9473159909248352 0.5943071842193604 1.7094486951828 0.6680335402488708 0.5468431115150452 14
0 -1.186604619026184 1.116290330886841 1.274343013763428 0.5924451947212219 0.5434224009513855 14
0 -0.7080273628234863 0.5943071842193604 1.274343013763428 0.657337486743927 0.6175218224525452 14
0 -0.9473159909248352 0.5943071842193604 0.8392372727394104 0.6578458547592163 0.5913771986961365 14
0 -0.7123588919639587 1.125032901763916 -2.145226955413818 0.5244455933570862 0.7541714608669281 17
0 -0.9550288319587708 1.122135996818542 -1.824552178382874 0.520984947681427 0.7869151532649994 17
0 -0.7123588919639587 0.6030710935592651 -2.149942398071289 0.5809600949287415 0.7785239815711975 17
0 -0.7123588919639587 1.125032901763916 -2.145226955413818 0.5160001516342163 0.8473035097122192 17
0 -0.9511538743972778 1.127929925918579 -2.465901851654053 0.517208993434906 0.8219151794910431 17
0 -1.19382381439209 0.6030710935592651 -2.149942398071289 0.5876362323760986 0.8173613548278809 17
0 -0.9550288319587708 0.6001741290092468 -1.829267621040344 0.588647186756134 0.7971274256706238 17
0 -1.19382381439209 1.125032901763916 -2.145226955413818 0.5229486227035522 0.8074196577072144 17
0 -0.7123588919639587 0.6030710935592651 -2.149942398071289 0.5784362554550171 0.8591757267713547 17
0 -0.9511538743972778 0.6059680581092834 -2.470617055892944 0.584641695022583 0.8374634981155396 17
0 -0.7678495049476624 0.02833792380988598 1.274343013763428 0.7307976484298706 0.6266240477561951 14
0 -0.9473159909248352 0.02833792380988598 0.9480137228965759 0.7297884225845337 0.5998363792896271 14
0 -0.9473159909248352 0.02833792380988598 1.600672245025635 0.746138334274292 0.5671308636665344 14
0 -0.7678495049476624 0.02833792380988598 1.274343013763428 0.7642306685447693 0.6033482551574707 14
0 -1.126782417297363 0.02833792380988598 1.274343013763428 0.7331395745277405 0.5805603861808777 14
0 -0.7725419998168945 0.03711455687880516 -2.153174877166748 0.6950927376747131 0.8694940805435181 17
0 -0.9516382217407227 0.03711455687880516 -2.393680810928345 0.6891433000564575 0.8509709984064102 17
0 -0.9545444846153259 0.03711455687880516 -1.912668704986572 0.6885883808135986 0.8250699639320374 17
0 -0.7725419998168945 0.03711455687880516 -2.153174877166748 0.7039318680763245 0.8384243845939636 17
0 -1.133640646934509 0.03711455687880516 -2.153174877166748 0.6817257404327393 0.8371747136116028 17
0 0.003376175183802843 4.038410663604736 3.288764715194702 0.5139202475547791 0.3271487355232239 0
0 0.009838458150625229 4.205980777740479 3.459280967712402 0.4896913468837738 0.3134843111038208 0
0 -0.01601067185401917 2.901005268096924 2.786465406417847 0.526919960975647 0.3375030159950256 0
0 -0.04670651257038116 2.214919567108154 0.9431899189949036 0.639234185218811 0.4337623119354248 -1
0 -0.0450909435749054 2.456307888031006 2.026480674743652 0.5616135001182556 0.3816476464271545 -1
0 -0.8360728621482849 5.418344974517822 4.129769325256348 0.3172799944877625 0.176596999168396 1
0 0.009838458150625229 4.146023273468018 4.05225133895874 0.3532834351062775 0 1
0 0.009838458150625229 3.940447330474854 4.605502605438232 0.2888736128807068 0.0008749961853027344 1
0 -0.8987497091293335 5.512891292572021 3.518034696578979 0.4172768890857697 0.2726479768753052 0
0 -1.06814169883728 5.476990222930908 3.043641567230225 0.3359547555446625 0.3010503053665161 0
0 -1.13709557056427 4.872879028320312 3.462560892105103 0.4030294716358185 0.2477409243583679 0
0 -1.13709557056427 4.872879028320312 3.462560892105103 0.3817348480224609 0.202873170375824 0
0 -0.8987497091293335 5.512891292572021 3.518034696578979 0.3824357092380524 0.189883291721344 0
0 -0.8863083720207214 5.138773918151855 3.568948030471802 0.3852807581424713 0.1738021969795227 0
0 0.7141343355178833 5.264140129089355 4.665360450744629 0.2852745354175568 0.1527379751205444 1
0 0.006216960493475199 4.724166393280029 -3.049078702926636 0.2357693612575531 0.7676243036985397 -1
0 0.009838458150625229 2.393387317657471 -2.133768796920776 0.4899227619171143 0.6986263692378998 -1
0 0.009838458150625229 2.225611209869385 -1.483035564422607 0.4792934954166412 0.6823605298995972 -1
0 0.009838458150625229 2.393387317657471 -2.133768796920776 0.3939618170261383 0.8743623048067093 -1
0 0.5094060897827148 2.222993135452271 -2.136845827102661 0.4059663712978363 0.8517156094312668 -1
0 0.009838458150625229 2.393387317657471 -2.133768796920776 0.4899227619171143 0.6986263692378998 -1
0 0.9335827231407166 2.214299917221069 -1.485925793647766 0.4445718824863434 0.680569976568222 -1
0 0.009838458150625229 2.225611209869385 -1.483035564422607 0.4792934954166412 0.6823605298995972 -1
0 -0.7678495049476624 0.02833792380988598 1.274343013763428 0.7600350379943848 0.5543697476387024 14
0 -0.7725419998168945 0.03711455687880516 -2.153174877166748 0.6954110860824585 0.8122307956218719 17
0 0.009838458150625229 4.205980777740479 3.459280967712402 0.4214665591716766 0.1079609394073486 0
0 0.009838458150625229 4.205980777740479 3.459280967712402 0.4214665591716766 0.1079609394073486 0
0 0.6468943357467651 4.496721267700195 3.559778690338135 0.3917764127254486 0.1329148411750793 0
0 0.009838458150625229 4.146023273468018 4.05225133895874 0.3986185491085052 0.08469098806381226 1
0 -0.8360728621482849 4.82155704498291 3.568948030471802 0.4690394997596741 0.2969606518745422 0
0 0.007457645609974861 3.895851135253906 -3.044564008712769 0.3047809600830078 0.8802205100655556 -1
0 0.6977704167366028 3.135027885437012 -2.921679258346558 0.3189437687397003 0.798823744058609 -1
0 0.3784487843513489 4.049302101135254 -3.425563812255859 0.2697880566120148 0.8241460770368576 3
0 0.385947197675705 4.307655334472656 -3.044347286224365 0.2795712947845459 0.7915119677782059 -1
0 -0.3829218447208405 4.053864479064941 -3.424397945404053 0.2697880566120148 0.8241460770368576 3
0 0.00591427693143487 4.343688011169434 -3.777137994766235 0.2370497286319733 0.8133977055549622 3
0 0.05017535015940666 3.792289257049561 -3.100564002990723 0.2922000288963318 0.9121699780225754 3
0 0.05017535015940666 3.792289257049561 -3.100564002990723 0.2922000288963318 0.9121699780225754 3
0 0.04563708603382111 2.722131967544556 -3.105927467346191 0.2849411368370056 0.9648417271673679 4
0 0.01700236648321152 3.237061262130737 -3.837059020996094 0.2367762476205826 0.8566502034664154 4
0 -0.3980238437652588 2.971032381057739 -3.461917161941528 0.2660084366798401 0.9095973074436188 4
0 0.03322115540504456 1.705614328384399 -3.270458698272705 0.2732605934143066 1 5
0 0.04563708603382111 2.722131967544556 -3.105927467346191 0.2849411368370056 0.9648417271673679 4
0 -0.2077105641365051 1.861740469932556 -3.476348638534546 0.2580564618110657 0.9613412395119667 5
0 0.04563708603382111 2.722131967544556 -3.105927467346191 0.2849411368370056 0.9648417271673679 4
0 0.03322115540504456 2.017866611480713 -3.682238340377808 0.2410253435373306 0.9599662013351917 5
0 0.3804579675197601 2.966367483139038 -3.463109016418457 0.2660084366798401 0.9095973074436188 4
0 0.04563708603382111 2.722131967544556 -3.105927467346191 0.2849411368370056 0.9648417271673679 4
0 -1.235005021095276 5.113865375518799 3.806742429733276 0.3489203453063965 0.2424829006195068 0
0 -1.02048671245575 5.661581993103027 3.986700057983398 0.3207406401634216 0.251996636390686 1
0 -1.235005021095276 5.113865375518799 3.806742429733276 0.3511287271976471 0.2241466641426086 0
0 -1.282660007476807 4.929273128509521 3.459697008132935 0.3600204885005951 0.2688446044921875 0
0 -1.282660007476807 4.929273128509521 3.459697008132935 0.3719993233680725 0.2632232308387756 0
0 -1.282660007476807 4.929273128509521 3.459697008132935 0.3653741478919983 0.2307667136192322 0
0 -1.13709557056427 4.872879028320312 3.462560892105103 0.3916529417037964 0.2219095826148987 0
0 -1.089440584182739 5.057470798492432 3.809606313705444 0.3693345785140991 0.2127619385719299 0
0 0.003376175183802843 4.038410663604736 3.288764715194702 0.5139202475547791 0.3271487355232239 0
0 0.3620136976242065 4.034167766571045 3.287680387496948 0.4695448577404022 0.346717894077301 0
0 0.009838458150625229 4.205980777740479 3.459280967712402 0.4896913468837738 0.3134843111038208 0
0 -0.04670651257038116 2.214919567108154 0.9431899189949036 0.5412822365760803 0.6328252851963043 -1
0 0.9338421821594238 2.209980726242065 0.5048141479492188 0.4881682693958282 0.6006391644477844 -1
0 0.3832672834396362 2.21024751663208 0.941996157169342 0.5299239158630371 0.62330362200737 -1
0 -0.04670651257038116 2.214919567108154 0.9431899189949036 0.639234185218811 0.4337623119354248 -1
0 0.4453692436218262 2.450928926467896 2.025106191635132 0.5461432933807373 0.4092176556587219 -1
0 -0.0450909435749054 2.456307888031006 2.026480674743652 0.5616135001182556 0.3816476464271545 -1
0 -0.01601067185401917 2.901005268096924 2.786465406417847 0.526919960975647 0.3375030159950256 0
0 0.009838458150625229 2.387593507766724 -0.4869283437728882 0.5062441825866699 0.6757960021495819 -1
0 0.009838458150625229 2.221259117126465 0.5076959133148193 0.5312218070030212 0.6485051214694977 -1
0 1.442777156829834 2.483928680419922 0.648352324962616 0.4775114357471466 0.5569581091403961 -1
0 1.425350427627563 2.666498422622681 -0.6415916085243225 0.4361781477928162 0.6212207973003387 -1
0 1.572864770889282 3.749012231826782 0.3374054729938507 0.3954397141933441 0.5441571772098541 -1
0 0.9279827475547791 1.716812133789062 0.8363659977912903 0.5267583131790161 0.5695752203464508 7
0 1.37140953540802 2.523652791976929 -2.408345699310303 0.3765501081943512 0.7198404669761658 -1
0 1.142225503921509 3.860249757766724 -2.756951808929443 0.3444348871707916 0.7109618782997131 -1
0 1.398571372032166 3.795258283615112 -2.191883325576782 0.3694571554660797 0.676192969083786 -1
0 0.9218556880950928 1.728440523147583 -2.463243246078491 0.4448635280132294 0.8010325878858566 10
0 0.8121605515480042 2.898419380187988 -2.718583106994629 0.3695678412914276 0.7791202664375305 -1
0 1.258815169334412 2.641392469406128 1.755217552185059 0.4899474084377289 0.4674240350723267 -1
0 1.358352065086365 2.566328048706055 1.245376110076904 0.4828973710536957 0.5237413942813873 -1
0 1.252487182617188 4.029932975769043 1.794901728630066 0.3934379816055298 0.4431970119476318 0
0 1.168585419654846 1.713936567306519 1.270736932754517 0.5434293746948242 0.542118102312088 7
0 0.9542564749717712 5.409348964691162 3.043631792068481 0.3718292713165283 0.3319932222366333 0
0 1.100476861000061 5.463994979858398 3.040321350097656 0.3359547555446625 0.3010503053665161 0
0 0.7658005952835083 4.282644271850586 3.119874715805054 0.4235167801380157 0.3559725284576416 0
0 0.9106298089027405 3.384222269058228 2.673607349395752 0.4454919099807739 0.3727807998657227 0
0 0.9080932140350342 4.775424957275391 3.137232303619385 0.4032089114189148 0.3444646000862122 0
0 0.6831274032592773 4.500637054443359 4.768211364746094 0.2939251661300659 0.07003039121627808 1
0 0.8710489273071289 5.408115386962891 4.127155303955078 0.3172799944877625 0.176596999168396 1
0 0.9570604562759399 3.885358333587646 -2.931803226470947 0.3310621976852417 0.7607071995735168 -1
0 1.398963809013367 2.283284425735474 -1.585046410560608 0.4185343980789185 0.6884045898914337 -1
0 1.165454268455505 1.72262966632843 -2.143312931060791 0.4466506838798523 0.7681846171617508 10
0 1.496956706047058 2.505796432495117 -1.878432869911194 0.4005373120307922 0.6998526155948639 -1
0 0.8355620503425598 6.074615955352783 4.027160167694092 0.2856141924858093 0.2486926317214966 1
0 1.057925462722778 5.64912748336792 3.983517646789551 0.3207406401634216 0.251996636390686 1
0 0.7225729823112488 4.371195793151855 3.901090621948242 0.3561520278453827 0.07465600967407227 0
0 0.8649693727493286 4.96056079864502 3.893489360809326 0.3598904013633728 0.1523347496986389 0
0 0.9251513481140137 5.198319911956787 3.248609781265259 0.3905952274799347 0.3249921202659607 0
0 0.9162128567695618 5.127972602844238 3.566188335418701 0.4367727935314178 0.2793828248977661 0
0 1.544028997421265 3.553316354751587 -1.092779159545898 0.3869558274745941 0.6215177774429321 -1
0 1.427951097488403 3.816102743148804 1.170799732208252 0.3989055156707764 0.5050309896469116 -1
0 0.9356819987297058 2.37628698348999 -0.4898173213005066 0.4646623730659485 0.6363402307033539 -1
0 1.048123598098755 4.667544841766357 2.597643136978149 0.3862700164318085 0.382430374622345 0
0 0.6468943357467651 4.496721267700195 3.559778690338135 0.4833444058895111 0.3089334964752197 0
0 0.8621796369552612 4.811380386352539 3.56634783744812 0.4690394997596741 0.2969606518745422 0
0 0.8444429636001587 2.353652000427246 2.028348207473755 0.5287832021713257 0.4406783580780029 -1
0 0.5687699317932129 2.894193172454834 2.784724712371826 0.496380627155304 0.3679189682006836 0
0 1.100476861000061 5.463994979858398 3.040321350097656 0.3281250596046448 0.2972358465194702 0
0 0.6221657395362854 2.18911337852478 1.297629714012146 0.5416473746299744 0.5998938977718353 -1
0 0.3832672834396362 2.21024751663208 0.941996157169342 0.628497302532196 0.4582242965698242 -1
0 0.6900447607040405 1.719671845436096 1.272202372550964 0.594221830368042 0.4899032711982727 7
0 0.9306474328041077 1.716796159744263 1.706573247909546 0.5533851981163025 0.4993071556091309 7
0 0.6840262413024902 1.728399634361267 -2.141838550567627 0.4719412624835968 0.7364960014820099 10
0 0.9276248216629028 1.722588777542114 -1.821908354759216 0.4620359539985657 0.7520110458135605 10
0 0.6900447607040405 1.719671845436096 1.272202372550964 0.5497976541519165 0.5870543122291565 7
0 0.6221657395362854 2.18911337852478 1.297629714012146 0.5962159633636475 0.4654989242553711 -1
0 0.6840262413024902 1.728399634361267 -2.141838550567627 0.4405616223812103 0.8250740766525269 10
0 0.5094060897827148 2.222993135452271 -2.136845827102661 0.4798990488052368 0.7221143841743469 -1
0 0.6827133893966675 1.107956647872925 1.272213578224182 0.6254010796546936 0.506074994802475 8
0 0.9233160614967346 1.105080962181091 1.706584453582764 0.6036968231201172 0.5238611102104187 8
0 0.6827133893966675 1.107956647872925 1.272213578224182 0.6003347635269165 0.5931551456451416 8
0 0.920651376247406 1.105096936225891 0.8363772034645081 0.5942692160606384 0.5664477944374084 8
0 0.6764578819274902 0.5860109925270081 1.272223234176636 0.657337486743927 0.6175218224525452 8
0 0.6764578819274902 0.5860109925270081 1.272223234176636 0.6789363026618958 0.5285187363624573 8
0 0.9170605540275574 0.5831353664398193 1.706594109535217 0.6680335402488708 0.5468431115150452 8
0 1.161254048347473 1.102221369743347 1.270748138427734 0.5924451947212219 0.5434224009513855 8
0 1.154998540878296 0.5802756547927856 1.270757675170898 0.6566455960273743 0.5681290328502655 8
0 0.9143958687782288 0.5831512808799744 0.8363867998123169 0.6578458547592163 0.5913771986961365 8
0 0.6766782402992249 1.116709470748901 -2.147353887557983 0.5244455933570862 0.7541714608669281 11
0 0.9202768206596375 1.110898613929749 -1.827423572540283 0.520984947681427 0.7869151532649994 11
0 0.6766782402992249 1.116709470748901 -2.147353887557983 0.5160001516342163 0.8473035097122192 11
0 0.9145077466964722 1.116750359535217 -2.468758344650269 0.517208993434906 0.8219151794910431 11
0 0.6704085469245911 0.594785213470459 -2.152059555053711 0.5784362554550171 0.8591757267713547 11
0 0.6704085469245911 0.594785213470459 -2.152059555053711 0.5809600949287415 0.7785239815711975 11
0 0.9140071868896484 0.5889744162559509 -1.8321293592453 0.588647186756134 0.7971274256706238 11
0 1.158106327056885 1.110939502716064 -2.148828029632568 0.5229486227035522 0.8074196577072144 11
0 1.151836633682251 0.5890153050422668 -2.153533935546875 0.5876362323760986 0.8173613548278809 11
0 0.9082380533218384 0.5948261022567749 -2.473464012145996 0.584641695022583 0.8374634981155396 11
0 0.7294928431510925 0.01936544664204121 1.272050380706787 0.7600350379943848 0.5543697476387024 8
0 0.9099448323249817 0.01720871776342392 1.59782862663269 0.746138334274292 0.5671308636665344 8
0 0.7294928431510925 0.01936544664204121 1.272050380706787 0.7642306685447693 0.6033482551574707 8
0 0.9079463481903076 0.01722069457173347 0.9451730847358704 0.7297884225845337 0.5998363792896271 8
0 1.088398337364197 0.01506396569311619 1.270951271057129 0.7331395745277405 0.5805603861808777 8
0 0.72379469871521 0.028148103505373 -2.155465841293335 0.6954110860824585 0.8122307956218719 11
0 0.9065197110176086 0.02596255950629711 -1.915518164634705 0.6885883808135986 0.8250699639320374 11
0 0.72379469871521 0.028148103505373 -2.155465841293335 0.7039318680763245 0.8384243845939636 11
0 0.9021407961845398 0.02600621432065964 -2.396519184112549 0.6891433000564575 0.8509709984064102 11
0 1.084865808486938 0.0238206684589386 -2.156571626663208 0.6817257404327393 0.8371747136116028 11
0 0.9117050766944885 5.594481468200684 3.986828327178955 0.3258622586727142 0.2085538506507874 1
0 0.9162128567695618 5.127972602844238 3.566188335418701 0.3852807581424713 0.1738021969795227 0
0 0.9329807758331299 5.501915454864502 3.515230178833008 0.3824357092380524 0.189883291721344 0
0 1.057925462722778 5.64912748336792 3.983517646789551 0.3196699023246765 0.2439661026000977 1
0 1.265312552452087 5.098882675170898 3.802914142608643 0.3511287271976471 0.2241466641426086 0
0 0.8621796369552612 4.811380386352539 3.56634783744812 0.3933642208576202 0.1591500043869019 0
0 0.7294928431510925 0.01936544664204121 1.272050380706787 0.7307976484298706 0.6266240477561951 8
0 0.72379469871521 0.028148103505373 -2.155465841293335 0.6950927376747131 0.8694940805435181 11
0 1.163468599319458 4.859093189239502 3.459038257598877 0.4030294716358185 0.2477409243583679 0
0 1.265312552452087 5.098882675170898 3.802914142608643 0.3489203453063965 0.2424829006195068 0
0 1.119092106819153 5.044236660003662 3.806224822998047 0.3693345785140991 0.2127619385719299 0
0 1.163468599319458 4.859093189239502 3.459038257598877 0.3916529417037964 0.2219095826148987 0
0 1.309688925743103 4.913739204406738 3.455727815628052 0.3653741478919983 0.2307667136192322 0
0 1.309688925743103 4.913739204406738 3.455727815628052 0.3600204885005951 0.2688446044921875 0
0 1.309688925743103 4.913739204406738 3.455727815628052 0.3719993233680725 0.2632232308387756 0
0 0.9329807758331299 5.501915454864502 3.515230178833008 0.4172768890857697 0.2726479768753052 0
0 1.163468599319458 4.859093189239502 3.459038257598877 0.3817348480224609 0.202873170375824 0
306
-0.8848512768745422 -0.4289509654045105 -0.181767150759697
-0.8145307898521423 -0.5776374936103821 0.0536143034696579
0.03823280707001686 -0.9591965079307556 -0.2801434695720673
-0.9762490391731262 -0.08248024433851242 0.2003367841243744
-0.9897200465202332 0.1274935603141785 0.06480418145656586
-0.9819015264511108 -0.1785354167222977 0.06320182979106903
-0.1262804269790649 -0.4684888124465942 -0.8743978142738342
-0.694659411907196 0.718285858631134 0.0389074832201004
-0.7081601619720459 0.7054511904716492 0.02911714278161526
0.005774224642664194 0.9997802376747131 0.02015240490436554
-0.7917317152023315 -0.1637209951877594 -0.5885204672813416
-0.9841037392616272 -0.1646870970726013 -0.06646779179573059
-0.957283079624176 0.1699164360761642 -0.2339606136083603
-0.7515677213668823 0.01939692161977291 -0.6593707203865051
-0.3308635950088501 -0.3048123717308044 -0.8930950164794922
-0.9641203284263611 -0.2601043879985809 -0.05308240279555321
-0.0009511464741080999 -0.2637281715869904 -0.9645965695381165
-0.7126360535621643 0.6706345081329346 -0.205910786986351
-0.723402202129364 0.6902098059654236 -0.01731178164482117
0.006476639769971371 0.9861571192741394 -0.1656870692968369
-0.7369181513786316 0.6647601127624512 -0.1226604506373405
-0.9737148284912109 0.128506675362587 0.1880570352077484
-0.7055351138114929 0.6440918445587158 -0.2955772578716278
0.00405011372640729 0.959284245967865 -0.2824134230613708
-0.874691367149353 -0.2009309977293015 0.4410689175128937
-0.7935583591461182 -0.2197878062725067 0.567413866519928
0.01861572824418545 -0.6976211071014404 0.7162250280380249
-0.2363621443510056 -0.3262752890586853 0.9152471423149109
-0.5000132322311401 0.6694568991661072 -0.5493761897087097
-0.3379175662994385 0.9344414472579956 -0.1123873889446259
0.004159943200647831 0.9141553044319153 -0.4053427577018738
-0.845647394657135 0.2138007879257202 -0.4890498518943787
-0.7050812244415283 -0.3690246641635895 0.6055421233177185
-0.6709598302841187 -0.5510158538818359 0.4961798489093781
-0.9510474801063538 -0.1770564615726471 0.253297746181488
-0.2806968688964844 -0.4950520396232605 0.8222728967666626
-0.8378803730010986 0.1375355273485184 0.5282427668571472
-0.2961012721061707 0.2039828598499298 0.9331211447715759
0.001844961545430124 0.4198733270168304 0.9075808525085449
0.001104544615373015 0.4425363540649414 0.8967499136924744
-0.9416159987449646 -0.0846996083855629 0.3258608281612396
-0.5011066794395447 -0.2977596521377563 0.8125461339950562
0.3606417775154114 0.2355432957410812 0.9024726152420044
-0.2733156085014343 -0.2747691571712494 -0.9218462109565735
-0.4615507125854492 -0.04396899044513702 -0.8860235214233398
-0.5329297780990601 -0.4915179908275604 -0.6887640953063965
-0.1054207533597946 -0.4174129366874695 -0.9025812745094299
-0.6699934005737305 -0.6329858303070068 0.3878631293773651
0.1090309098362923 -0.9282089471817017 0.3557251989841461
-0.0345139391720295 -0.4734341204166412 0.8801527619361877
-0.6224285364151001 0.648736298084259 0.437862902879715
-0.5832113027572632 -0.2334405928850174 0.7780553102493286
-0.5647348165512085 0.5273417234420776 0.6348112225532532
-0.7127357125282288 0.1831810027360916 0.6770912408828735
-0.8016229271888733 -0.5862488150596619 -0.1171025633811951
-0.9705389142036438 -0.2082904279232025 0.1211171299219131
-0.9969565868377686 -0.06998667865991592 0.03434350714087486
-0.9950844645500183 -0.08563993871212006 0.04972628131508827
-0.9423766136169434 -0.09766125679016113 -0.3199822008609772
0.8852801322937012 -0.1088992580771446 -0.4521283209323883
0 -0.9999974966049194 -0.002247907454147935
0 -0.9959412217140198 -0.09000614285469055
-0.2698312699794769 -0.962902843952179 -0.003027441212907434
0.7317119240760803 0.6813421845436096 -0.01924675144255161
0.006196681875735521 0.9999454617500305 0.008409906178712845
0.7161594033241272 0.6974050998687744 0.027236333116889
0.7031509876251221 0.7100899815559387 0.03675416857004166
-0.9956750869750977 0.08693835884332657 -0.03275477141141891
0.3729947209358215 -0.6706575751304626 -0.6411656737327576
0 -0.9491095542907715 -0.3149460256099701
0.8111719489097595 -0.1706751137971878 -0.559347927570343
-0.5520131587982178 0.4975390732288361 -0.6691310405731201
0.7204592227935791 0.6615225076675415 -0.2081501036882401
0.557037353515625 0.4901700913906097 -0.670404851436615
0.005306231323629618 0.8059819936752319 -0.5919162631034851
0.005235397256910801 0.9977678656578064 -0.06657210737466812
-0.9689192175865173 0.1546908766031265 0.1930446773767471
0.7112300395965576 0.6368240714073181 -0.2976692020893097
0.7437052130699158 0.6566591858863831 -0.1253050118684769
0.002753397449851036 0.9136587381362915 -0.4064728319644928
-0.9865719079971313 0.06848175078630447 0.1482773572206497
0.4521967470645905 0.8851466774940491 -0.1096969768404961
0.5058218836784363 0.6636182069778442 -0.5511398315429688
0.004837566521018744 0.9758694171905518 0.2183012664318085
0.006180404219776392 0.9898439049720764 -0.1420242041349411
-0.6760455965995789 -0.7227215766906738 -0.1436520367860794
-0.9191684722900391 -0.3583568632602692 0.1634310930967331
-0.29695063829422 -0.913423478603363 -0.2783484160900116
0.5702145099639893 0.5220503807067871 0.634286105632782
0.001729540526866913 0.7769340872764587 0.6295796036720276
-0.6751663684844971 -0.7355286478996277 -0.05610730871558189
-0.004719574470072985 -0.9017918705940247 0.4321447610855103
0.4162359535694122 -0.2474453300237656 0.8749390840530396
0.6662028431892395 -0.743506908416748 -0.0580626092851162
-0.29695063829422 -0.913423478603363 -0.2783484160900116
-0.2821923792362213 -0.9439220428466797 -0.1714019328355789
-0.5815268754959106 0.09839910268783569 -0.8075544238090515
0.1021799072623253 -0.4180013537406921 -0.9026816487312317
-0.384892463684082 -0.6642096638679504 -0.6408458352088928
-0.01272767595946789 -0.9490312933921814 -0.3149247169494629
0.009481688030064106 -0.9996020793914795 -0.02656688541173935
0 -0.9998940825462341 -0.01455557812005281
0.1188625991344452 -0.9255927205085754 0.3593741953372955
-0.2578729391098022 -0.6171339750289917 0.7434024214744568
0.6181212663650513 -0.7390062212944031 -0.2679474353790283
0.5847899913787842 -0.750786304473877 0.3071491122245789
0.2024369239807129 -0.9535831809043884 0.2229313552379608
0.889081597328186 -0.1303701549768448 0.4387909471988678
0.6242056488990784 -0.6867585778236389 -0.3724647164344788
0.1493965685367584 -0.9866511821746826 0.06480777263641357
0.6070622801780701 -0.692833423614502 0.3891750872135162
0.7962530851364136 -0.175397053360939 0.5789791941642761
0.8762325048446655 0 0.4818885624408722
-2.591887466675861e-16 0 1
0.8752985000610352 -0.04616013169288635 0.4813749194145203
0.8762325048446655 0 -0.4818885624408722
-2.015912341732327e-16 0 -1
-0.9986123442649841 -0.05266326293349266 -1.03023790193928e-16
-2.298276995097755e-16 -0.09545440226793289 0.9954338073730469
-1 0 -9.502811680920262e-17
0.8752985000610352 -0.04616013169288635 -0.4813749194145203
-2.298276995097755e-16 -0.09545440226793289 -0.9954338073730469
0.7974216341972351 -0.005451059900224209 0.6033978462219238
-0.003864154918119311 -0.009033503942191601 0.9999517202377319
0.7966436147689819 -0.04680929705500603 0.6026341319084167
0.8020612597465515 0.005395226180553436 -0.5972174406051636
0.003864154918119311 0.009033503942191601 -0.9999517202377319
-0.9985873699188232 -0.05297307297587395 -0.004133656155318022
-0.00384073774330318 -0.07817455381155014 0.9969322681427002
-0.9999925494194031 3.490711969789118e-05 -0.003863997291773558
0.8013923764228821 -0.0380532369017601 -0.5969273447990417
0.003840714925900102 -0.06289532035589218 -0.9980127215385437
0.8274011611938477 -0.5616113543510437 -2.105676658317602e-16
-2.18486815083657e-16 -0.7769770622253418 -0.6295289397239685
-2.18486815083657e-16 -0.7769770622253418 0.6295289397239685
0.8274011611938477 -0.5616113543510437 -2.105676658317602e-16
-0.8274011611938477 -0.5616113543510437 -2.105676658317602e-16
0.8062100410461426 -0.5916220545768738 0.002952740993350744
0.002750803017988801 -0.6965799331665039 -0.7174739241600037
-0.002736130030825734 -0.7014586925506592 0.7127048373222351
0.8062100410461426 -0.5916220545768738 0.002952740993350744
-0.8062260746955872 -0.5915983319282532 -0.003303222823888063
0 -0.5687518119812012 0.8225091695785522
-0.0654594749212265 -0.6399970650672913 0.7655839323997498
0 -0.6658395528793335 0.7460949420928955
0 -0.9760615229606628 0.2174947261810303
0 -0.9307513236999512 0.3656527996063232
-0.9529720544815063 0.04353273659944534 0.2999153137207031
0.2854309678077698 -0.9168530702590942 -0.2791228890419006
0.2707828879356384 -0.9471489787101746 -0.1720042675733566
-0.1589809060096741 -0.9673500061035156 0.197380319237709
-0.845647394657135 0.2138007879257202 -0.4890498518943787
0.4144909381866455 -0.9005641937255859 -0.1310780048370361
0.4144909381866455 -0.9005641937255859 -0.1310780048370361
-0.1589809060096741 -0.9673500061035156 0.197380319237709
-0.9930529594421387 -0.08644846826791763 0.07982805371284485
0.8402443528175354 0.128449559211731 0.5267733335494995
0.006250246427953243 0.6404464840888977 -0.7679774165153503
0.1474294811487198 -0.9884005188941956 -0.03645489364862442
0 -0.9989621639251709 -0.04554763436317444
-0.1723753958940506 -0.9831690192222595 0.06054254248738289
-0.6410782337188721 -0.6704177856445312 -0.3735755980014801
-0.1704370081424713 -0.9849343299865723 -0.02924980595707893
-0.1218995302915573 -0.9257590770721436 0.3579253852367401
-0.01237389631569386 -0.9988857507705688 -0.04554280638694763
0.8274011611938477 -0.5616113543510437 -2.105676658317602e-16
0.8062100410461426 -0.5916220545768738 0.002952740993350744
-0.4357539415359497 -0.8954997062683105 -0.090547114610672
0.4253137707710266 -0.900454580783844 -0.09104812145233154
0.6670437455177307 -0.7306780815124512 -0.1454720944166183
0.2854309678077698 -0.9168530702590942 -0.2791228890419006
-0.922819972038269 -0.3617764115333557 0.1323673874139786
0.6122526526451111 -0.369746595621109 -0.6988806128501892
0.270084410905838 -0.2770297825336456 -0.9221219420433044
0.9936100840568542 0.09549199044704437 0.06016863137483597
0.5851747989654541 0.09339632838964462 -0.8055107593536377
-0.9984921216964722 0.01910913176834583 0.0514613501727581
0.01523509342223406 0.5238409042358398 -0.8516798615455627
-0.6788434386253357 -0.2875071167945862 0.6756561398506165
0.7176980972290039 -0.03740234673023224 0.6953491568565369
-0.6324829459190369 -0.0476769283413887 0.7731055617332458
0.0003182478249073029 -0.05793614685535431 -0.9983202219009399
-0.9969138503074646 -0.07829419523477554 0.00572551554068923
0 0 0
-0.6854296326637268 -0.1081749871373177 0.7200586199760437
0.06274703145027161 -0.9356076717376709 -0.3474205434322357
0.6854296326637268 0.1081749871373177 -0.7200586199760437
0 0 0
0.9630528092384338 -0.2444124072790146 -0.1131010800600052
0.7634683847427368 -0.1551039963960648 0.6269439458847046
-0.6591940522193909 -0.3479578495025635 0.6666247248649597
-0.7127357125282288 0.1831810027360916 0.6770912408828735
-0.6591940522193909 -0.3479578495025635 0.6666247248649597
-0.799918532371521 -0.5618232488632202 -0.2109145671129227
-0.799918532371521 -0.5618232488632202 -0.2109145671129227
-0.799918532371521 -0.5618232488632202 -0.2109145671129227
0.4144909381866455 -0.9005641937255859 -0.1310780048370361
0.2183239012956619 -0.6793727874755859 0.7005621194839478
-0.004241481889039278 -0.568662166595459 0.8225602507591248
0.2773297727108002 -0.4983863830566406 0.8214007616043091
0.06033167615532875 -0.6407572031021118 0.7653693556785583
-0.01157714612782001 -0.9998259544372559 -0.01463167276233435
-0.05052715167403221 -0.958660364151001 -0.2800309658050537
-0.02097848616540432 -0.9994467496871948 -0.02581016533076763
-0.01004813518375158 -0.9760135412216187 0.2174778431653976
-0.1284203380346298 -0.9241536259651184 0.3597892224788666
-0.009181933477520943 -0.9306602478027344 0.3657692670822144
-0.005411389283835888 -0.6657657027244568 0.746141254901886
-0.0122244143858552 -0.9999227523803711 -0.002238134853541851
-0.01243757363408804 -0.9957922697067261 -0.09079121798276901
0.879086434841156 -0.439520925283432 -0.1844679415225983
0.8077101707458496 -0.5873584151268005 0.05113046243786812
0.991370677947998 0.115622341632843 0.06177090108394623
0.1179788485169411 -0.4699524641036987 -0.874771773815155
0.7879069447517395 -0.1731866151094437 -0.5909391045570374
0.7497236132621765 0.01040077954530716 -0.6616693735122681
0.9585297107696533 0.1584363728761673 -0.2368939518928528
-0.005163174588233232 -0.263702929019928 -0.9645901322364807
0.3269380331039429 -0.3081754446029663 -0.8933864831924438
0.8735670447349548 -0.2114070355892181 0.4383921325206757
0.9757993817329407 -0.09417743980884552 0.197347953915596
0.9757562279701233 0.1168249174952507 0.1850721538066864
0.9798803925514221 -0.1902909427881241 0.060198113322258
0.9401543140411377 -0.1089418902993202 -0.3228645622730255
0.8157976269721985 0.1391568332910538 -0.5613462328910828
0.7024590969085693 -0.3774590194225311 0.6033870577812195
0.7926011681556702 -0.2292924970388412 0.5649852156639099
0.949628472328186 -0.1884458214044571 0.250387579202652
0.9415267705917358 -0.09598390758037567 0.3229775130748749
0.9543392062187195 0.03210361674427986 0.2969949841499329
0.4589915871620178 -0.0490168035030365 -0.8870874047279358
0.6635440587997437 -0.6409767270088196 0.3858213424682617
0.9607669115066528 -0.2716388404369354 -0.05602963268756866
0.98185133934021 -0.176467627286911 -0.06947790086269379
0.5351446270942688 0.6441383957862854 0.5465399622917175
0.8153920769691467 0.280905157327652 0.5061897039413452
0.7941858768463135 -0.5958007574081421 -0.1195420697331429
0.9683393239974976 -0.2199087142944336 0.1181484833359718
0.9961467385292053 -0.08192989230155945 0.03129183128476143
0.9941343069076538 -0.09755987673997879 0.04668055102229118
0.9965404868125916 0.07500046491622925 -0.03580509126186371
0.9712900519371033 0.1430646181106567 0.1900739818811417
0.2581522464752197 -0.9660966396331787 -0.003836108138784766
0.9877711534500122 0.05665095895528793 0.1452544033527374
0.6658729314804077 -0.5590260624885559 0.4940678775310516
0.9188191294670105 -0.3728120028972626 0.1295476108789444
-0.024781484156847 -0.6973610520362854 0.7162914276123047
0.2527992129325867 -0.6201869249343872 0.7426040172576904
0.8157976269721985 0.1391568332910538 -0.5613462328910828
-0.6277508139610291 -0.7315406203269958 -0.2660398483276367
-0.2126635760068893 -0.9512062668800354 0.2235640585422516
-0.889232337474823 -0.1197140291333199 0.4415137469768524
0.2352365404367447 -0.3291012346744537 0.9145250916481018
-0.7965212464332581 -0.1658527255058289 0.5814179182052612
0.03153276070952415 -0.4738298952579498 0.8800516724586487
-0.8879019618034363 -0.09827388077974319 -0.449413388967514
-0.5928022265434265 -0.7437298893928528 0.3089521527290344
-0.8148680925369263 -0.1609314382076263 -0.556858241558075
-0.621403694152832 -0.6760996580123901 0.3959124982357025
-0.8746898770332336 0.01049199793487787 0.4845694303512573
0.00306211831048131 -1.834903559938539e-05 0.9999952912330627
-0.8776410818099976 0.01050968188792467 -0.4792031943798065
-0.00306211831048131 1.834903559938539e-05 -0.9999952912330627
-0.8772587180137634 -0.0356583371758461 -0.4786915183067322
-0.8743106722831726 -0.03567600250244141 0.484053760766983
0.001904202974401414 -0.09546581655740738 0.9954308867454529
0.9999235272407532 -0.01198407914489508 -0.00306211831048131
0.9979048371315002 -0.06462693214416504 -0.003056902904063463
-0.004192069172859192 -0.09542928636074066 -0.9954273700714111
-0.7955783009529114 0.0040946239605546 0.6058369278907776
0.006817571818828583 -0.009097510948777199 0.9999353885650635
-0.8037639856338501 0.01501776278018951 -0.5947586894035339
-0.006817571818828583 0.009097510948777199 -0.9999353885650635
-0.8036149144172668 -0.02843560092151165 -0.5944699048995972
-0.7952982783317566 -0.0372699536383152 0.6050715446472168
0.005956318695098162 -0.0782332643866539 0.9969173073768616
0.9999046325683594 -0.01194901391863823 -0.006926075089722872
0.9978634715080261 -0.06493633985519409 -0.007190457545220852
-0.007650197017937899 -0.06282646209001541 -0.997995138168335
-0.834068238735199 -0.5516554117202759 0.002543905284255743
-0.007383662275969982 -0.7769328355789185 0.6295402050018311
-0.834068238735199 -0.5516554117202759 0.002543905284255743
-0.01123904716223478 -0.7769097089767456 -0.6295117139816284
0.8206074833869934 -0.5714867115020752 -0.002523295115679502
-0.8132293820381165 -0.581917941570282 0.00543229328468442
-0.003488029586151242 -0.701454222202301 0.7127059698104858
-0.8132293820381165 -0.581917941570282 0.00543229328468442
-0.01329545211046934 -0.6964837908744812 -0.7174493670463562
0.799064576625824 -0.6012176275253296 -0.005761111620813608
0.5827516317367554 -0.2404273599386215 0.7762700915336609
0.9921854138374329 -0.09834454953670502 0.07678842544555664
0.1479803472757339 -0.9691894054412842 0.1969103366136551
0.8153920769691467 0.280905157327652 0.5061897039413452
0.6570149660110474 -0.3558449149131775 0.6646094918251038
0.9153040051460266 -0.3693495094776154 0.1606222987174988
-0.834068238735199 -0.5516554117202759 0.002543905284255743
-0.8132293820381165 -0.581917941570282 0.00543229328468442
-0.4256530404090881 -0.8955298066139221 -0.129791647195816
0.6570149660110474 -0.3558449149131775 0.6646094918251038
-0.224303662776947 -0.6767204403877258 0.7012398242950439
-0.4256530404090881 -0.8955298066139221 -0.129791647195816
0.7924785614013672 -0.5713652968406677 -0.2133527249097824
0.7924785614013672 -0.5713652968406677 -0.2133527249097824
0.7924785614013672 -0.5713652968406677 -0.2133527249097824
0.1479803472757339 -0.9691894054412842 0.1969103366136551
-0.4256530404090881 -0.8955298066139221 -0.129791647195816
460
0 0 1 2 0 1 2 1
0 0 3 4 0 3 4 1
0 0 5 3 0 5 3 1
0 0 6 5 0 6 5 1
0 7 4 8 7 4 8 1
0 7 8 9 7 8 9 1
0 10 11 12 10 11 12 1
0 10 13 14 10 13 14 1
0 10 15 11 10 15 11 1
0 10 16 15 10 16 15 1
0 17 18 19 17 18 19 1
0 17 12 18 17 12 18 1
0 20 21 22 20 21 22 1
0 20 8 21 20 8 21 1
0 20 22 23 20 22 23 1
0 24 25 21 24 25 21 1
0 24 26 25 24 26 25 1
0 24 27 26 24 27 26 1
0 24 5 27 24 5 27 1
0 28 29 30 28 29 30 1
0 28 31 29 28 31 29 1
0 32 33 34 32 33 34 1
0 32 35 33 32 35 33 1
0 36 37 38 36 37 38 1
0 36 38 39 36 38 39 1
0 37 40 41 37 40 41 1
0 37 42 38 37 42 38 1
0 43 14 44 43 14 44 1
0 43 45 46 43 45 46 1
0 47 1 11 47 1 11 1
0 47 48 1 47 48 1 1
0 47 49 48 47 49 48 1
0 47 15 49 47 15 49 1
0 50 51 52 50 51 52 1
0 50 53 51 50 53 51 1
0 54 36 55 54 36 55 1
0 56 57 58 56 57 58 1
0 4 1 0 4 1 0 1
0 2 59 6 2 59 6 1
0 2 6 0 2 6 0 1
0 2 60 61 2 60 61 1
0 1 48 62 1 48 62 1
0 9 18 7 9 18 7 1
0 9 63 64 9 63 64 1
0 9 65 66 9 65 66 1
0 18 4 7 18 4 7 1
0 18 12 67 18 12 67 1
0 12 13 10 12 13 10 1
0 68 46 69 68 46 69 1
0 68 70 16 68 70 16 1
0 19 71 17 19 71 17 1
0 19 63 72 19 63 72 1
0 19 73 74 19 73 74 1
0 21 3 24 21 3 24 1
0 8 23 75 8 23 75 1
0 3 21 76 3 21 76 1
0 3 5 24 3 5 24 1
0 23 8 20 23 8 20 1
0 23 65 75 23 65 75 1
0 23 77 78 23 77 78 1
0 34 25 32 34 25 32 1
0 34 57 56 34 57 56 1
0 22 30 79 22 30 79 1
0 22 58 28 22 58 28 1
0 25 34 80 25 34 80 1
0 25 35 32 25 35 32 1
0 30 22 28 30 22 28 1
0 30 77 79 30 77 79 1
0 30 81 82 30 81 82 1
0 29 83 84 29 83 84 1
0 29 31 50 29 31 50 1
0 85 55 86 85 55 86 1
0 85 87 54 85 87 54 1
0 39 52 36 39 52 36 1
0 39 88 89 39 88 89 1
0 41 90 91 41 90 91 1
0 41 92 37 41 92 37 1
0 91 92 41 91 92 41 1
0 91 93 92 91 93 92 1
0 90 36 54 90 36 54 1
0 90 41 40 90 41 40 1
0 90 94 95 90 94 95 1
0 44 45 43 44 45 43 1
0 14 46 68 14 46 68 1
0 14 16 10 14 16 10 1
0 71 12 17 71 12 17 1
0 71 44 13 71 44 13 1
0 71 96 44 71 96 44 1
0 46 14 43 46 14 43 1
0 97 98 99 97 98 99 1
0 11 15 47 11 15 47 1
0 100 2 101 100 2 101 1
0 26 102 103 26 102 103 1
0 48 60 62 48 60 62 1
0 104 2 100 104 2 100 1
0 105 106 102 105 106 102 1
0 105 26 107 105 26 107 1
0 108 68 109 108 68 109 1
0 110 48 111 110 48 111 1
0 112 113 114 112 113 114 1
0 115 116 59 115 116 59 1
0 113 107 27 113 107 27 1
0 113 117 118 113 117 118 1
0 119 113 5 119 113 5 1
0 119 116 117 119 116 117 1
0 116 5 6 116 5 6 1
0 116 120 121 116 120 121 1
0 122 123 124 122 123 124 1
0 125 126 70 125 126 70 1
0 123 111 49 123 111 49 1
0 123 127 128 123 127 128 1
0 129 123 15 129 123 15 1
0 129 126 127 129 126 127 1
0 126 15 16 126 15 16 1
0 126 130 131 126 130 131 1
0 132 133 120 132 133 120 1
0 134 133 135 134 133 135 1
0 134 114 118 134 114 118 1
0 136 134 117 136 134 117 1
0 133 134 136 133 134 136 1
0 133 117 121 133 117 121 1
0 137 138 130 137 138 130 1
0 139 138 140 139 138 140 1
0 139 124 128 139 124 128 1
0 141 139 127 141 139 127 1
0 138 139 141 138 139 141 1
0 138 127 131 138 127 131 1
0 35 142 143 35 142 143 1
0 35 144 142 35 144 142 1
0 102 26 105 102 26 105 1
0 102 145 146 102 145 146 1
0 102 144 103 102 144 103 1
0 52 83 50 52 83 50 1
0 52 147 36 52 147 36 1
0 55 36 147 55 36 147 1
0 55 85 54 55 85 54 1
0 94 90 54 94 90 54 1
0 148 93 149 148 93 149 1
0 83 29 50 83 29 50 1
0 83 81 84 83 81 84 1
0 58 34 56 58 34 56 1
0 58 57 150 58 57 150 1
0 58 151 28 58 151 28 1
0 58 152 151 58 152 151 1
0 58 150 152 58 150 152 1
0 51 55 147 51 55 147 1
0 51 153 154 51 153 154 1
0 155 55 51 155 55 51 1
0 64 18 9 64 18 9 1
0 64 19 18 64 19 18 1
0 64 63 19 64 63 19 1
0 67 4 18 67 4 18 1
0 67 1 4 67 1 4 1
0 67 12 11 67 12 11 1
0 67 11 1 67 11 1 1
0 76 4 3 76 4 3 1
0 76 21 8 76 21 8 1
0 76 8 4 76 8 4 1
0 75 9 8 75 9 8 1
0 75 65 9 75 65 9 1
0 80 21 25 80 21 25 1
0 80 34 58 80 34 58 1
0 80 22 21 80 22 21 1
0 80 58 22 80 58 22 1
0 79 23 22 79 23 22 1
0 79 77 23 79 77 23 1
0 89 52 39 89 52 39 1
0 89 83 52 89 83 52 1
0 89 88 83 89 88 83 1
0 40 36 90 40 36 90 1
0 40 37 36 40 37 36 1
0 95 91 90 95 91 90 1
0 149 93 91 149 93 91 1
0 38 156 39 38 156 39 1
0 38 42 156 38 42 156 1
0 13 12 71 13 12 71 1
0 13 44 14 13 44 14 1
0 74 71 19 74 71 19 1
0 74 157 71 74 157 71 1
0 74 73 157 74 73 157 1
0 62 2 1 62 2 1 1
0 62 60 2 62 60 2 1
0 158 48 110 158 48 110 1
0 158 159 48 158 159 48 1
0 160 98 161 160 98 161 1
0 162 163 164 162 163 164 1
0 59 2 104 59 2 104 1
0 107 113 112 107 113 112 1
0 27 107 26 27 107 26 1
0 27 5 113 27 5 113 1
0 5 116 119 5 116 119 1
0 6 59 116 6 59 116 1
0 70 68 108 70 68 108 1
0 111 123 122 111 123 122 1
0 49 111 48 49 111 48 1
0 49 15 123 49 15 123 1
0 15 126 129 15 126 129 1
0 16 14 68 16 14 68 1
0 16 70 126 16 70 126 1
0 120 116 115 120 116 115 1
0 114 134 165 114 134 165 1
0 118 114 113 118 114 113 1
0 118 117 134 118 117 134 1
0 117 113 119 117 113 119 1
0 117 133 136 117 133 136 1
0 121 120 133 121 120 133 1
0 121 117 116 121 117 116 1
0 130 126 125 130 126 125 1
0 124 139 166 124 139 166 1
0 128 124 123 128 124 123 1
0 128 127 139 128 127 139 1
0 127 123 129 127 123 129 1
0 127 138 141 127 138 141 1
0 131 130 138 131 130 138 1
0 131 127 126 131 127 126 1
0 103 25 26 103 25 26 1
0 103 35 25 103 35 25 1
0 103 144 35 103 144 35 1
0 143 33 35 143 33 35 1
0 167 87 85 167 87 85 1
0 168 169 170 168 169 170 1
0 84 30 29 84 30 29 1
0 84 81 30 84 81 30 1
0 171 34 33 171 34 33 1
0 86 55 155 86 55 155 1
0 171 57 34 171 57 34 1
0 147 52 51 147 52 51 1
0 45 44 96 45 44 96 1
0 172 173 97 172 173 97 1
0 172 174 175 172 174 175 1
0 96 71 157 96 71 157 1
0 96 176 45 96 176 45 1
0 157 176 96 157 176 96 1
0 157 73 175 157 73 175 1
0 157 174 177 157 174 177 1
0 178 45 176 178 45 176 1
0 179 174 172 179 174 172 1
0 176 157 177 176 157 177 1
0 176 180 178 176 180 178 1
0 176 181 182 176 181 182 1
0 177 181 176 177 181 176 1
0 177 174 181 177 174 181 1
0 183 184 185 183 184 185 1
0 185 186 183 185 186 183 1
0 185 180 182 185 180 182 1
0 185 181 187 185 181 187 1
0 185 181 188 185 181 188 1
0 187 181 185 187 181 185 1
0 189 174 179 189 174 179 1
0 182 180 176 182 180 176 1
0 182 181 185 182 181 185 1
0 31 190 191 31 190 191 1
0 191 50 31 191 50 31 1
0 53 192 51 53 192 51 1
0 190 31 193 190 31 193 1
0 194 151 152 194 151 152 1
0 195 196 192 195 196 192 1
0 153 51 197 153 51 197 1
0 197 51 192 197 51 192 1
0 197 192 196 197 192 196 1
0 198 199 200 198 199 200 1
0 145 102 106 145 102 106 1
0 201 202 203 201 202 203 1
0 204 205 206 204 205 206 1
0 146 144 102 146 144 102 1
0 206 205 207 206 205 207 1
0 207 199 198 207 199 198 1
0 208 202 209 208 202 209 1
0 61 101 2 61 101 2 1
0 209 202 201 209 202 201 1
0 159 60 48 159 60 48 1
0 164 163 208 164 163 208 1
0 69 109 68 69 109 68 1
0 99 98 160 99 98 160 1
0 154 155 51 154 155 51 1
0 210 211 212 210 211 212 1
0 210 213 202 210 213 202 1
0 66 212 63 66 212 63 1
0 66 63 9 66 63 9 1
0 214 215 216 214 215 216 1
0 214 217 218 214 217 218 1
0 72 216 73 72 216 73 1
0 72 73 19 72 73 19 1
0 78 65 23 78 65 23 1
0 219 220 221 219 220 221 1
0 219 222 220 219 222 220 1
0 82 77 30 82 77 30 1
0 82 223 77 82 223 77 1
0 82 224 223 82 224 223 1
0 225 226 227 225 226 227 1
0 225 199 226 225 199 226 1
0 156 42 228 156 42 228 1
0 156 88 39 156 88 39 1
0 156 229 88 156 229 88 1
0 42 37 92 42 37 92 1
0 173 172 230 173 172 230 1
0 173 218 97 173 218 97 1
0 231 232 233 231 232 233 1
0 234 83 88 234 83 88 1
0 234 81 83 234 81 83 1
0 234 235 81 234 235 81 1
0 236 170 169 236 170 169 1
0 236 156 93 236 156 93 1
0 236 169 237 236 169 237 1
0 236 93 148 236 93 148 1
0 238 227 223 238 227 223 1
0 238 239 227 238 239 227 1
0 212 211 240 212 211 240 1
0 212 65 241 212 65 241 1
0 212 220 210 212 220 210 1
0 202 208 242 202 208 242 1
0 202 211 210 202 211 210 1
0 211 202 242 211 202 242 1
0 211 233 240 211 233 240 1
0 211 163 231 211 163 231 1
0 63 212 240 63 212 240 1
0 63 216 72 63 216 72 1
0 216 233 214 216 233 214 1
0 98 97 218 98 97 218 1
0 98 218 217 98 218 217 1
0 221 65 78 221 65 78 1
0 221 77 243 221 77 243 1
0 221 226 219 221 226 219 1
0 65 212 66 65 212 66 1
0 65 221 241 65 221 241 1
0 220 212 241 220 212 241 1
0 220 222 210 220 222 210 1
0 227 244 225 227 244 225 1
0 227 239 245 227 239 245 1
0 77 221 78 77 221 78 1
0 77 223 243 77 223 243 1
0 226 221 243 226 221 243 1
0 226 246 219 226 246 219 1
0 226 199 247 226 199 247 1
0 81 248 82 81 248 82 1
0 244 227 245 244 227 245 1
0 244 199 225 244 199 225 1
0 92 228 42 92 228 42 1
0 93 156 228 93 156 228 1
0 230 218 173 230 218 173 1
0 230 175 73 230 175 73 1
0 218 230 215 218 230 215 1
0 218 215 214 218 215 214 1
0 73 216 215 73 216 215 1
0 233 211 231 233 211 231 1
0 233 216 240 233 216 240 1
0 233 232 214 233 232 214 1
0 203 202 249 203 202 249 1
0 250 205 204 250 205 204 1
0 246 226 247 246 226 247 1
0 246 251 252 246 251 252 1
0 246 252 219 246 252 219 1
0 163 253 254 163 253 254 1
0 163 254 231 163 254 231 1
0 249 202 255 249 202 255 1
0 256 246 205 256 246 205 1
0 161 98 257 161 98 257 1
0 258 163 162 258 163 162 1
0 259 260 251 259 260 251 1
0 261 262 263 261 262 263 1
0 260 222 252 260 222 252 1
0 260 264 265 260 264 265 1
0 266 260 267 266 260 267 1
0 266 262 222 266 262 222 1
0 262 255 213 262 255 213 1
0 262 267 268 262 267 268 1
0 269 270 253 269 270 253 1
0 271 272 273 271 272 273 1
0 270 232 254 270 232 254 1
0 270 274 275 270 274 275 1
0 276 270 277 276 270 277 1
0 276 272 232 276 272 232 1
0 272 257 217 272 257 217 1
0 272 277 278 272 277 278 1
0 279 280 264 279 280 264 1
0 281 282 280 281 282 280 1
0 280 267 265 280 267 265 1
0 283 280 282 283 280 282 1
0 283 282 267 283 282 267 1
0 282 263 268 282 263 268 1
0 284 285 274 284 285 274 1
0 286 287 285 286 287 285 1
0 285 277 275 285 277 275 1
0 288 285 287 288 285 287 1
0 288 287 277 288 287 277 1
0 287 273 278 287 273 278 1
0 199 207 247 199 207 247 1
0 199 244 200 199 244 200 1
0 205 250 256 205 250 256 1
0 88 289 234 88 289 234 1
0 237 156 236 237 156 236 1
0 223 227 243 223 227 243 1
0 223 239 238 223 239 238 1
0 289 88 229 289 88 229 1
0 289 237 290 289 237 290 1
0 289 290 291 289 290 291 1
0 289 292 234 289 292 234 1
0 289 293 292 289 293 292 1
0 290 237 294 290 237 294 1
0 240 216 63 240 216 63 1
0 241 221 220 241 221 220 1
0 243 227 226 243 227 226 1
0 228 92 93 228 92 93 1
0 215 230 73 215 230 73 1
0 242 208 163 242 208 163 1
0 242 163 211 242 163 211 1
0 251 246 256 251 246 256 1
0 255 262 261 255 262 261 1
0 252 251 260 252 251 260 1
0 252 222 219 252 222 219 1
0 222 260 266 222 260 266 1
0 222 213 210 222 213 210 1
0 213 255 202 213 255 202 1
0 213 222 262 213 222 262 1
0 253 163 258 253 163 258 1
0 257 272 271 257 272 271 1
0 254 253 270 254 253 270 1
0 254 232 231 254 232 231 1
0 232 270 276 232 270 276 1
0 232 217 214 232 217 214 1
0 217 257 98 217 257 98 1
0 217 232 272 217 232 272 1
0 264 260 259 264 260 259 1
0 263 282 295 263 282 295 1
0 265 264 280 265 264 280 1
0 265 267 260 265 267 260 1
0 267 262 266 267 262 266 1
0 267 280 283 267 280 283 1
0 268 263 262 268 263 262 1
0 268 267 282 268 267 282 1
0 274 270 269 274 270 269 1
0 273 287 296 273 287 296 1
0 275 274 285 275 274 285 1
0 275 277 270 275 277 270 1
0 277 272 276 277 272 276 1
0 277 285 288 277 285 288 1
0 278 273 272 278 273 272 1
0 278 277 287 278 277 287 1
0 247 207 205 247 207 205 1
0 247 205 246 247 205 246 1
0 294 237 169 294 237 169 1
0 229 156 237 229 156 237 1
0 229 237 289 229 237 289 1
0 175 230 172 175 230 172 1
0 175 174 157 175 174 157 1
0 174 189 188 174 189 188 1
0 188 189 185 188 189 185 1
0 188 181 174 188 181 174 1
0 248 81 235 248 81 235 1
0 224 297 223 224 297 223 1
0 235 298 248 235 298 248 1
0 293 289 299 293 289 299 1
0 293 300 301 293 300 301 1
0 302 248 298 302 248 298 1
0 297 224 303 297 224 303 1
0 300 293 299 300 293 299 1
0 297 304 223 297 304 223 1
0 299 289 305 299 289 305 1
0 304 239 223 304 239 223 1
0 291 305 289 291 305 289 1
Materials: 1
"Material0"
0.200000 0.200000 0.200000 1.000000
0.800000 0.800000 0.800000 1.000000
0.000000 0.000000 0.000000 1.000000
0.000000 0.000000 0.000000 1.000000
0.000000
1.000000
"C:/meshes/sheep_new.bmp"
""
Bones: 19
"Joint40"
""
0 0 3.719396829605103 1.477949380874634 0 -0 0
15
1 0 0 0
5 0 0 0
10 0 0 0
15 0 0 0
25 0 0 0
35 0 0 0
40 0 0 0
45 0 0 0
50 0 0 0
51 0 0 0
61 0 0 0
71 0 0 0
81 0 0 0
91 0 0 0
100 0 0 0
15
1 0 -0 0
5 0.6006187200546265 -0 0
10 1.414912581443787 -0 0
15 1.414912581443787 -0 0
25 1.414912581443787 -0 0
35 1.414912581443787 -0 0
40 0 -0 0
45 0 -0 0
50 0 -0 0
51 0 -0 0
61 0 -0 0
71 0 -0 0
81 0 -0 0
91 0 -0 0
100 0 -0 0
"Joint41"
"Joint40"
0 0 1.582219362258911 1.773539304733276 0 -0 0
15
1 0 0 0
5 0 0 0
10 0 0 0
15 0 0 0
25 0 0 0
35 0 0 0
40 0 0 0
45 0 0 0
50 0 0 0
51 0 0 0
61 0 0 0
71 0 0 0
81 0 0 0
91 0 0 0
100 0 0 0
15
1 0 -0 0
5 -0.314342588186264 -0 0
10 -0.7405145168304443 -0 0
15 -0.7405145168304443 -0 0
25 -0.7405145168304443 -0 0
35 -0.7405145168304443 -0 0
40 0 -0 0
45 0 -0 0
50 0 -0 0
51 0 -0 0
61 0 -0 0
71 0 -0 0
81 0 -0 0
91 0 -0 0
100 0 -0 0
"Joint42"
"Joint41"
0 0 -0.6612257957458496 1.34788990020752 0 -0 0
15
1 0 0 0
5 0 0 0
10 0 0 0
15 0 0 0
25 0 0 0
35 0 0 0
40 0 0 0
45 0 0 0
50 0 0 0
51 0 0 0
61 0 0 0
71 0 0 0
81 0 0 0
91 0 0 0
100 0 0 0
15
1 0 -0 0
5 0 -0 0
10 0 -0 0
15 0 -0 0
25 0 -0 0
35 0 -0 0
40 0 -0 0
45 0 -0 0
50 0 -0 0
51 0 -0 0
61 0 -0 0
71 0 -0 0
81 0 -0 0
91 0 -0 0
100 0 -0 0
"Joint43"
""
0 0 4.30977725982666 -2.707603216171265 0 -0 0
15
1 0 0 0
5 0 0 0
10 0 0 0
15 0 0 0
25 0 0 0
35 0 0 0
40 0 0 0
45 0 0 0
50 0 0 0
51 0 0 0
61 0 0 0
71 0 0 0
81 0 0 0
91 0 0 0
100 0 0 0
15
1 0 -0 0
5 -0.02062914334237576 -0.00500207394361496 0.005664953961968422
10 0 -0 0
15 -0.01005223859101534 -6.120856414781883e-05 0.0001963509857887402
25 0.002412237692624331 -0.02557952888309956 0.07239867746829987
35 -0.009203372523188591 0.002002069726586342 -0.02498319186270237
40 0 -0 0
45 -0.01511171739548445 6.122063496150076e-05 -0.0001963084214366972
50 0 -0 0
51 0 -0 0
61 0 -0 0
71 0 -0 0
81 0 -0 0
91 0 -0 0
100 0 -0 0
"Joint44"
"Joint43"
0 0 -0.1889219284057617 -0.7330629825592041 0 -0 0
15
1 0 0 0
5 0 0 0
10 0 0 0
15 0 0 0
25 0 0 0
35 0 0 0
40 0 0 0
45 0 0 0
50 0 0 0
51 0 0 0
61 0 0 0
71 0 0 0
81 0 0 0
91 0 0 0
100 0 0 0
15
1 0 -0 0
5 0.001771711627952754 0.002549802185967565 0.35517618060112
10 0 -0 0
15 0.0006941177416592836 -0.003031966974958777 -0.2468967586755753
25 0.00455248961225152 0.006035254802554846 0.1543187499046326
35 -0.0003441122535150498 0.002463952172547579 -0.184821218252182
40 0 -0 0
45 0.0002006288705160841 0.0009676672052592039 0.1423822939395905
50 0 -0 0
51 0 -0 0
61 0 -0 0
71 0 -0 0
81 0 -0 0
91 0 -0 0
100 0 -0 0
"Joint45"
"Joint44"
0 0 -1.039069414138794 0.02364706993103027 0 -0 0
15
1 0 0 0
5 0 0 0
10 0 0 0
15 0 0 0
25 0 0 0
35 0 0 0
40 0 0 0
45 0 0 0
50 0 0 0
51 0 0 0
61 0 0 0
71 0 0 0
81 0 0 0
91 0 0 0
100 0 0 0
15
1 0 -0 0
5 0.04567110538482666 -0.003777066478505731 0.3857752084732056
10 0 -0 0
15 0.02245625481009483 -0.0003220565558876842 -0.2792535722255707
25 0.0002173735556425527 0.009573718532919884 0.17708820104599
35 0.02793507650494576 0.01009805779904127 -0.2249226570129395
40 0 -0 0
45 0.03370939567685127 -0.00158245675265789 0.157072052359581
50 0 -0 0
51 0 -0 0
61 0 -0 0
71 0 -0 0
81 0 -0 0
91 0 -0 0
100 0 -0 0
"Joint46"
"Joint45"
0 0 -0.9918391704559326 0.02364730834960938 0 -0 0
15
1 0 0 0
5 0 0 0
10 0 0 0
15 0 0 0
25 0 0 0
35 0 0 0
40 0 0 0
45 0 0 0
50 0 0 0
51 0 0 0
61 0 0 0
71 0 0 0
81 0 0 0
91 0 0 0
100 0 0 0
15
1 0 -0 0
5 0 -0 0
10 0 -0 0
15 0 -0 0
25 0 -0 0
35 0 -0 0
40 0 -0 0
45 0 -0 0
50 0 -0 0
51 0 -0 0
61 0 -0 0
71 0 -0 0
81 0 -0 0
91 0 -0 0
100 0 -0 0
"Joint47"
""
0 0.8981146216392517 2.89219331741333 1.333510160446167 0 -0 0
15
1 0 0 0
5 0 0 0
10 0 0 0
15 0 0 0
25 0 0 0
35 0 0 0
40 0 0 0
45 0 0 0
50 0 0 0
51 0 0 0
61 0 0 0
71 0 0 0
81 0 0 0
91 0 0 0
100 0 0 0
15
1 0 -0 0
5 0.002889863448217511 -0 0
10 0.005094610620290041 -0 0
15 0.006182945799082518 -0 0
25 0.02568628266453743 -0 0
35 0.05762343108654022 -0 0
40 0.06863805651664734 -0 0
45 0.07244790345430374 -0 0
50 0.03320711106061935 -0 0
51 0 -0 0
61 -0.5889658331871033 -0 0
71 -0.4517614841461182 -0 0
81 -0.1137081906199455 -0 0
91 -0.06823969632387161 -0 0
100 0 -0 0
"Joint48"
"Joint47"
0 0 -1.593330264091492 -0.03068244457244873 0 -0 0
15
1 0 0 0
5 0 0 0
10 0 0 0
15 0 0 0
25 0 0 0
35 0 0 0
40 0 0 0
45 0 0 0
50 0 0 0
51 0 0 0
61 0 0 0
71 0 0 0
81 0 0 0
91 0 0 0
100 0 0 0
15
1 0 -0 0
5 -0.003912694286555052 -0 0
10 -0.006897782906889915 -0 0
15 -0.01506611332297325 -0 0
25 -0.04678026214241982 -0 0
35 -0.08526072651147842 -0 0
40 -0.09770362824201584 -0 0
45 -0.1004098132252693 -0 0
50 -0.04517285898327827 -0 0
51 0 -0 0
61 0.7974182963371277 -0 0
71 0.1102859750390053 -0 0
81 0.1338313370943069 -0 0
91 0.2385510802268982 -0 0
100 0 -0 0
"Joint49"
"Joint48"
0 0 -1.072433948516846 0.03068244457244873 0 -0 0
15
1 0 0 0
5 0 0 0
10 0 0 0
15 0 0 0
25 0 0 0
35 0 0 0
40 0 0 0
45 0 0 0
50 0 0 0
51 0 0 0
61 0 0 0
71 0 0 0
81 0 0 0
91 0 0 0
100 0 0 0
15
1 0 -0 0
5 0 -0 0
10 0 -0 0
15 0 -0 0
25 0 -0 0
35 0 -0 0
40 0 -0 0
45 0 -0 0
50 0 -0 0
51 0 -0 0
61 0 -0 0
71 0 -0 0
81 0 -0 0
91 0 -0 0
100 0 -0 0
"Joint50"
""
0 0.9113714098930359 2.712781429290771 -2.133607149124146 0 -0 0
15
1 0 0 0
5 0 0 0
10 0 0 0
15 0 0 0
25 0 0 0
35 0 0 0
40 0 0 0
45 0 0 0
50 0 0 0
51 0 0 0
61 0 0 0
71 0 0 0
81 0 0 0
91 0 0 0
100 0 0 0
15
1 0 -0 0
5 0 -0 0
10 0 -0 0
15 0 -0 0
25 -0.003304720390588045 -0 0
35 -0.004981901030987501 -0 0
40 -0.003130714874714613 -0 0
45 -0.004473123233765364 -0 0
50 -0.003288836684077978 -0 0
51 0 -0 0
61 0.07577548921108246 -0 0
71 0.03328540176153183 -0 0
81 -0.4639869332313538 -0 0
91 -0.3554488122463226 -0 0
100 0 -0 0
"Joint51"
"Joint50"
0 0 -1.440125465393066 0.03068256378173828 0 -0 0
15
1 0 0 0
5 0 0 0
10 0 0 0
15 0 0 0
25 0 0 0
35 0 0 0
40 0 0 0
45 0 0 0
50 0 0 0
51 0 0 0
61 0 0 0
71 0 0 0
81 0 0 0
91 0 0 0
100 0 0 0
15
1 0 -0 0
5 0 -0 0
10 0 -0 0
15 0 -0 0
25 -0.009058687835931778 -0 0
35 -0.02031922899186611 -0 0
40 -0.02420603297650814 -0 0
45 -0.02555129304528236 -0 0
50 -0.0118873156607151 -0 0
51 0 -0 0
61 0.2077087610960007 -0 0
71 0.8104604482650757 -0 0
81 1.05692183971405 -0 0
91 0.1883059740066528 -0 0
100 0 -0 0
"Joint52"
"Joint51"
0 0 -1.011152029037476 0 0 -0 0
15
1 0 0 0
5 0 0 0
10 0 0 0
15 0 0 0
25 0 0 0
35 0 0 0
40 0 0 0
45 0 0 0
50 0 0 0
51 0 0 0
61 0 0 0
71 0 0 0
81 0 0 0
91 0 0 0
100 0 0 0
15
1 0 -0 0
5 0 -0 0
10 0 -0 0
15 0 -0 0
25 0 -0 0
35 0 -0 0
40 0 -0 0
45 0 -0 0
50 0 -0 0
51 0 -0 0
61 0 -0 0
71 0 -0 0
81 0 -0 0
91 0 -0 0
100 0 -0 0
"Joint53"
""
0 -0.9204459190368652 2.911710977554321 1.333510160446167 0 -0 0
15
1 0 0 0
5 0 0 0
10 0 0 0
15 0 0 0
25 0 0 0
35 0 0 0
40 0 0 0
45 0 0 0
50 0 0 0
51 0 0 0
61 0 0 0
71 0 0 0
81 0 0 0
91 0 0 0
100 0 0 0
15
1 0 -0 0
5 0 -0 0
10 0 -0 0
15 0 -0 0
25 0 -0 0
35 -0.003136291401460767 -0 0
40 0 -0 0
45 0 -0 0
50 0 -0 0
51 0 -0 0
61 0.04769978672266006 -0 0
71 -0.05505173280835152 -0 0
81 -0.5670754313468933 -0 0
91 -0.4330582618713379 -0 0
100 0 -0 0
"Joint54"
"Joint53"
0 0 -1.593330264091492 -0.03068244457244873 0 -0 0
15
1 0 0 0
5 0 0 0
10 0 0 0
15 0 0 0
25 0 0 0
35 0 0 0
40 0 0 0
45 0 0 0
50 0 0 0
51 0 0 0
61 0 0 0
71 0 0 0
81 0 0 0
91 0 0 0
100 0 0 0
15
1 0 -0 0
5 0 -0 0
10 0 -0 0
15 0 -0 0
25 -0.009668203070759773 -0 0
35 -0.02168777957558632 -0 0
40 -0.02582160197198391 -0 0
45 -0.02726651728153229 -0 0
50 -0.01268584001809359 -0 0
51 0 -0 0
61 0.2216834872961044 -0 0
71 0.9018725156784058 -0 0
81 1.105587720870972 -0 0
91 0.4166651368141174 -0 0
100 0 -0 0
"Joint55"
"Joint54"
0 0 -1.072433948516846 0.09204733371734619 0 -0 0
15
1 0 0 0
5 0 0 0
10 0 0 0
15 0 0 0
25 0 0 0
35 0 0 0
40 0 0 0
45 0 0 0
50 0 0 0
51 0 0 0
61 0 0 0
71 0 0 0
81 0 0 0
91 0 0 0
100 0 0 0
15
1 0 -0 0
5 0 -0 0
10 0 -0 0
15 0 -0 0
25 0 -0 0
35 0 -0 0
40 0 -0 0
45 0 -0 0
50 0 -0 0
51 0 -0 0
61 0 -0 0
71 0 -0 0
81 0 -0 0
91 0 -0 0
100 0 -0 0
"Joint56"
""
0 -0.9077807664871216 2.691277503967285 -2.133607149124146 0 -0 0
15
1 0 0 0
5 0 0 0
10 0 0 0
15 0 0 0
25 0 0 0
35 0 0 0
40 0 0 0
45 0 0 0
50 0 0 0
51 0 0 0
61 0 0 0
71 0 0 0
81 0 0 0
91 0 0 0
100 0 0 0
15
1 0 -0 0
5 0.002907505258917809 -0 0
10 0.00512571120634675 -0 0
15 0.006220690906047821 -0 0
25 0.02584308944642544 -0 0
35 0.05797554925084114 -0 0
40 0.06905946880578995 -0 0
45 0.07289212197065353 -0 0
50 0.0334094911813736 -0 0
51 0 -0 0
61 -0.5925620794296265 -0 0
71 -0.2897372543811798 -0 0
81 -0.02956275828182697 -0 0
91 -0.0009559719474054873 -0 0
100 0 -0 0
"Joint57"
"Joint56"
0 0 -1.409484505653381 0.06136488914489746 0 -0 0
15
1 0 0 0
5 0 0 0
10 0 0 0
15 0 0 0
25 0 0 0
35 0 0 0
40 0 0 0
45 0 0 0
50 0 0 0
51 0 0 0
61 0 0 0
71 0 0 0
81 0 0 0
91 0 0 0
100 0 0 0
15
1 0 -0 0
5 -0.004263115581125021 -0 0
10 -0.007515549659729004 -0 0
15 -0.01636258326470852 -0 0
25 -0.05091363564133644 -0 0
35 -0.092864029109478 -0 0
40 -0.106431782245636 -0 0
45 -0.1093916967511177 -0 0
50 -0.04921698942780495 -0 0
51 0 -0 0
61 0.8688386082649231 -0 0
71 0.15675388276577 -0 0
81 0.1971539705991745 -0 0
91 0.3739170134067535 -0 0
100 0 -0 0
"Joint58"
"Joint57"
0 0 -1.011152029037476 0 0 -0 0
15
1 0 0 0
5 0 0 0
10 0 0 0
15 0 0 0
25 0 0 0
35 0 0 0
40 0 0 0
45 0 0 0
50 0 0 0
51 0 0 0
61 0 0 0
71 0 0 0
81 0 0 0
91 0 0 0
100 0 0 0
15
1 0 -0 0
5 0 -0 0
10 0 -0 0
15 0 -0 0
25 0 -0 0
35 0 -0 0
40 0 -0 0
45 0 -0 0
50 0 -0 0
51 0 -0 0
61 0 -0 0
71 0 -0 0
81 0 -0 0
91 0 -0 0
100 0 -0 0
